7.955973417986461280e-03
7.957626312366157875e-03
7.959456567392447432e-03
7.961464463919530957e-03
7.963650300169737226e-03
7.966014391829166763e-03
7.968557072147667425e-03
7.971278692042976788e-03
7.974179620209454616e-03
7.977260243230966524e-03
7.980520965698486083e-03
7.983962210332340784e-03
7.987584418108617870e-03
7.991388048390982504e-03
7.995373579066678352e-03
7.999541506687793055e-03
8.003892346617288989e-03
8.008426633180180942e-03
8.013144919819787867e-03
8.018047779259273797e-03
8.023135803668446711e-03
8.028409604836172705e-03
8.033869814348030755e-03
8.039517083770002584e-03
8.045352084837592219e-03
8.051375509651027482e-03
8.057588070876541692e-03
8.063990501953556891e-03
8.070583557308379230e-03
8.077368012574326697e-03
8.084344664818207682e-03
8.091514332773851181e-03
8.098877857082367737e-03
8.106436100539338857e-03
8.114189948349590648e-03
8.122140308389168284e-03
8.130288111474894691e-03
8.138634311641990485e-03
8.147179886429520984e-03
8.155925837174159490e-03
8.164873189312570403e-03
8.174022992692346265e-03
8.183376321892150973e-03
8.192934276550999789e-03
8.202697981707095937e-03
8.212668588146723389e-03
8.222847272763098708e-03
8.233235238925823776e-03
8.243833716861334940e-03
8.254643964044433568e-03
8.265667265601480893e-03
8.276904934725871216e-03
8.288358313105712374e-03
8.300028771364749078e-03
8.311917709516605454e-03
8.324026557433127430e-03
8.336356775327371377e-03
8.348909854251520060e-03
8.361687316611007836e-03
8.374690716694799600e-03
8.387921641223152272e-03
8.401381709913219656e-03
8.415072576063654247e-03
8.428995927158776727e-03
8.443153485493543053e-03
8.457547008820129678e-03
8.472178291017330373e-03
8.487049162783873169e-03
8.502161492356901176e-03
8.517517186256949591e-03
8.533118190060962754e-03
8.548966489204652339e-03
8.565064109816130852e-03
8.581413119582298465e-03
8.598015628650297268e-03
8.614873790565334005e-03
8.631989803248201962e-03
8.649365910013667724e-03
8.667004400633299827e-03
8.684907612444425426e-03
8.703077931509392226e-03
8.721517793827217313e-03
8.740229686601727263e-03
8.759216149569346715e-03
8.778479776391115083e-03
8.798023216112624625e-03
8.817849174696719763e-03
8.837960416634003946e-03
8.858359766636091093e-03
8.879050111417893451e-03
8.900034401574536888e-03
8.921315653559983017e-03
8.942896951774142664e-03
8.964781450766543675e-03
8.986972377564426961e-03
9.009473034134509936e-03
9.032286799987658196e-03
9.055417134937153098e-03
9.078867582021121416e-03
9.102641770601443624e-03
9.126743419651646427e-03
9.151176341247619153e-03
9.175944444275706616e-03
9.201051738374250652e-03
9.226502338125290928e-03
9.252300467514670834e-03
9.278450464680173398e-03
9.304956786968297464e-03
9.331824016322478807e-03
9.359056865026301603e-03
9.386660181827675975e-03
9.414638958471206395e-03
9.442998336668400813e-03
9.471743615536725239e-03
9.500880259541414144e-03
9.530413906975575972e-03
9.560350379017071645e-03
9.590695689402619836e-03
9.621456054762920346e-03
9.652637905664890675e-03
9.684247898410597646e-03
9.716292927644963953e-03
9.748780139828765179e-03
9.781716947635582179e-03
9.815111045336485929e-03
9.848970425238801063e-03
9.883303395250580062e-03
9.918118597645778425e-03
9.953425029110285482e-03
9.989232062153139205e-03
1.002554946797257727e-02
1.006238744087166806e-02
1.009975662432303044e-02
1.013766813878909032e-02
1.017613361140818663e-02
1.021516520766508999e-02
1.025477566516872288e-02
1.029497832966773559e-02
1.033578719344093767e-02
1.037721693620601709e-02
1.041928296869820865e-02
1.046200147907662761e-02
1.050538948232495814e-02
1.054946487281982134e-02
1.059424648024882842e-02
1.063975412906812031e-02
1.068600870169775577e-02
1.073303220566171681e-02
1.078084784488768898e-02
1.082948009539086258e-02
1.087895478557427027e-02
1.092929918138793415e-02
1.098054207659659824e-02
1.103271388841631576e-02
1.108584675878766627e-02
1.113997466156295760e-02
1.119513351589320783e-02
1.125136130610900932e-02
1.130869820839837045e-02
1.136718672459140905e-02
1.142687182337133456e-02
1.148780108923656840e-02
1.155002487954745125e-02
1.161359648999621928e-02
1.167857232884583589e-02
1.174501210028735566e-02
1.181297899727113895e-02
1.188253990417024140e-02
1.195376560963700222e-02
1.202673103001648466e-02
1.210151544368006163e-02
1.217820273664305293e-02
1.225688165982774004e-02
1.233764609833061694e-02
1.242059535304773990e-02
1.250583443500620680e-02
1.259347437274157232e-02
1.268363253305141401e-02
1.277643295544378041e-02
1.287200670058511603e-02
1.297049221303669085e-02
1.307203569855047362e-02
1.317679151617384345e-02
1.328492258539111341e-02
1.339660080850186945e-02
1.351200750840929159e-02
1.363133388195945581e-02
1.375478146893792906e-02
1.388256263679301696e-02
1.401490108111374394e-02
1.415203234184716358e-02
1.429420433519160843e-02
1.444167790105263006e-02
1.459472736589262874e-02
1.475364112074892264e-02
1.491872221413273469e-02
1.509028895945586056e-02
1.526867555656430224e-02
1.545423272688526903e-02
1.564732836161680796e-02
1.584834818231176459e-02
1.605769641312254983e-02
1.627579646388736118e-02
1.650309162314857886e-02
1.674004576009999884e-02
1.698714403436292139e-02
1.724489361239235283e-02
1.751382438921066792e-02
1.779448971406227126e-02
1.808746711847427843e-02
1.839335904509903363e-02
1.871279357560242523e-02
1.904642515574888131e-02
1.939493531571981344e-02
1.975903338358604711e-02
2.013945718974055610e-02
2.053697375998038421e-02
2.095237999481253457e-02
2.138650333244307769e-02
2.184020239279654482e-02
2.231436759979990928e-02
2.280992177905835638e-02
2.332782072794288217e-02
2.386905375500782134e-02
2.443464418555887918e-02
2.502564983009859453e-02
2.564316341228832161e-02
2.628831295298496296e-02
2.696226210683644667e-02
2.766621044785059005e-02
2.840139370029656427e-02
2.916908391124559130e-02
2.997058956101843544e-02
3.080725560777751795e-02
3.168046346248148265e-02
3.259163089041494654e-02
3.354221183563944192e-02
3.453369616380611712e-02
3.556760932161268096e-02
3.664551190649045082e-02
3.776899914497305194e-02
3.893970027534868900e-02
4.015927783128762918e-02
4.142942682309138508e-02
4.275187381333996062e-02
4.412837588385647852e-02
4.556071949106624969e-02
4.705071920700393262e-02
4.860021634342018976e-02
5.021107745664801780e-02
5.188519273112271457e-02
5.362447423969671223e-02
5.543085407915426810e-02
5.730628237962012012e-02
5.925272518684942397e-02
6.127216221671153568e-02
6.336658448150692124e-02
6.553799178811081649e-02
6.778839010830069178e-02
7.011978882200148311e-02
7.253419783457981662e-02
7.503362456971547634e-02
7.762007083980695943e-02
8.029552959627990483e-02
8.306198156261911103e-02
8.592139175337651369e-02
8.887570588286472506e-02
9.192684666770067903e-02
9.507671002782352998e-02
9.832716119106918451e-02
1.016800307068506104e-01
1.051371103749495772e-01
1.087001490958858646e-01
1.123708486497758813e-01
1.161508594110470388e-01
1.200417760068045597e-01
1.240451329270692155e-01
1.281624000955302045e-01
1.323949784098407689e-01
1.367441952608795253e-01
1.412113000407474728e-01
1.457974596496361408e-01
1.505037540119955330e-01
1.553311716134956055e-01
1.602806050655862513e-01
1.653528467187498630e-01
1.705485843236298482e-01
1.758683967602857057e-01
1.813127498441552132e-01
1.868819922211376605e-01
1.925763513637843982e-01
1.983959296806305228e-01
2.043407007507111184e-01
2.104105056952559061e-01
2.166050496985140739e-01
2.229238986895147878e-01
2.293664761964472054e-01
2.359320603851239595e-01
2.426197812927783637e-01
2.494286182681585140e-01
2.563573976285727363e-01
2.634047905441683213e-01
2.705693111593574507e-01
2.778493149608341484e-01
2.852429974011740921e-01
2.927483927810454190e-01
3.003633734309138492e-01
3.080856491165495648e-01
3.159127667864927713e-01
3.238421105835070368e-01
3.318709021592009534e-01
3.399962012908360753e-01
3.482149068042871276e-01
3.565237578063513157e-01
3.649193352288223058e-01
3.733980636859536850e-01
3.819562136461354118e-01
3.905899039177408438e-01
3.992951044483306622e-01
4.080676394354925129e-01
4.169031907467735665e-01
4.257973016453414083e-01
4.347453808170909095e-01
4.437427066815244348e-01
4.527844320546742796e-01
4.618655889755179933e-01
4.709810939257444984e-01
4.801257532601850841e-01
4.892942689069659234e-01
4.984812443164320372e-01
5.076811906481196734e-01
5.168885331845300968e-01
5.260976179596307256e-01
5.353027185894639883e-01
5.444980432916143309e-01
5.536777420796836768e-01
5.628359141184424708e-01
5.719666152248065183e-01
5.810638654993580676e-01
5.901216570727096933e-01
5.991339619507048964e-01
6.080947399420538746e-01
6.169979466518628053e-01
6.258375415242019013e-01
6.346074959167355978e-01
6.433018011903969269e-01
6.519144767968783061e-01
6.604395783468819392e-01
6.688712056419916507e-01
6.772035106531635318e-01
6.854307054290117440e-01
6.935470699171997211e-01
7.015469596825393284e-01
7.094248135056738791e-01
7.171751608465557482e-01
7.247926291276060029e-01
7.322719509957116291e-01
7.396079711237009136e-01
7.467956530896942002e-01
7.538300859171503943e-01
7.607064904200164790e-01
7.674202253151756192e-01
7.739667930906063420e-01
7.803418456182923402e-01
7.865411895016551913e-01
7.925607911479692902e-01
7.983967816175822074e-01
8.040454608787069857e-01
8.095033023675139994e-01
8.147669566399690089e-01
8.198332550129123764e-01
8.246992128294157176e-01
8.293620324041609537e-01
8.338191056456710770e-01
8.380680163529740101e-01
8.421065421851433586e-01
8.459326563029124779e-01
8.495445286824057085e-01
8.529405271017610479e-01
8.561192178022380972e-01
8.590793658261230981e-01
8.618199350345118193e-01
8.643400878087366124e-01
8.666391844399135014e-01
8.687167822117862759e-01
8.705726341826172110e-01
8.722066876725940165e-01
8.736190824636876906e-01
8.748101487196016102e-01
8.757804046338695247e-01
8.765305538146728193e-01
8.770614824155024136e-01
8.773742560210999741e-01
8.774701162985649727e-01
8.773504774239393456e-01
8.770169222947614696e-01
8.764711985395144955e-01
8.757152143351030205e-01
8.747510340436306375e-01
8.735808736800939611e-01
8.722070962226238233e-01
8.706322068711765949e-01
8.688588476980912967e-01
8.668897931323575889e-01
8.647279443726559878e-01
8.623763241854500716e-01
8.598380715199956947e-01
8.571164360490818312e-01
8.542147726471166491e-01
8.511365358171815165e-01
8.478852740784473818e-01
8.444646243076705527e-01
8.408783061610842768e-01
8.371301162726215717e-01
8.332239226939689436e-01
8.291636592192931365e-01
8.249533197618345026e-01
8.205969527640818439e-01
8.160986556508276202e-01
8.114625693340596913e-01
8.066928727782689545e-01
8.017937776344310485e-01
7.967695229504743182e-01
7.916243699657431465e-01
7.863625969964898044e-01
7.809884944191203271e-01
7.755063597574165524e-01
7.699204928796444802e-01
7.642351913109913797e-01
7.584547456663974785e-01
7.525834352083943246e-01
7.466255235342583729e-01
7.405852543962482271e-01
7.344668476583968708e-01
7.282744953929264353e-01
7.220123581189004103e-01
7.156845611854132372e-01
7.092951913012369713e-01
7.028482932124245908e-01
6.963478665290961933e-01
6.897978627022166576e-01
6.832021821508653669e-01
6.765646715402023892e-01
6.698891212099539194e-01
6.631792627530129769e-01
6.564387667433941864e-01
6.496712406125795258e-01
6.428802267031250572e-01
6.360786015409598537e-01
6.292415682248244657e-01
6.224006669445313333e-01
6.155497614380673888e-01
6.086920438024284730e-01
6.018306321439412798e-01
5.949685695763579085e-01
5.881088233479352390e-01
5.812542840944955325e-01
5.744077651367868187e-01
5.675720022893484540e-01
5.607496530025125603e-01
5.539432963978044855e-01
5.471554330233472374e-01
5.403884847919480094e-01
5.336447950207576785e-01
5.269266285687376206e-01
5.202361720681062396e-01
5.135755342459430439e-01
5.069467463320905809e-01
5.003517625495049748e-01
4.937924606831669561e-01
4.872706427237211702e-01
4.807880355819960649e-01
4.743462918705956266e-01
4.679469907487865954e-01
4.615916388269325488e-01
4.552816711267906880e-01
4.490184520940164736e-01
4.428032766592917002e-01
4.366373713445724780e-01
4.305218954109660268e-01
4.244579420448881812e-01
4.184465395791647779e-01
4.124886527458671570e-01
4.065851839577217519e-01
4.007369746150535872e-01
3.949448064352565346e-01
3.892094028019545404e-01
3.835314301310254748e-01
3.779114992508011972e-01
3.723501667938643456e-01
3.668479365570575523e-01
3.614052610734867499e-01
3.560225427764438511e-01
3.507001355793003539e-01
3.454383462480289380e-01
3.402374358132597143e-01
3.350976209784046755e-01
3.300190755220555605e-01
3.250019316928728363e-01
3.200462815953625251e-01
3.151521785649741836e-01
3.103196385310618699e-01
3.055486413663440759e-01
3.008391322215787644e-01
2.961910228504366915e-01
2.916041928835380048e-01
2.870784911575865461e-01
2.826137369463524451e-01
2.782097212141960707e-01
2.738662078397343103e-01
2.695829348180318608e-01
2.653596154406479557e-01
2.611959394529566603e-01
2.570915741882168204e-01
2.530461656779329771e-01
2.490593397381113683e-01
2.451307030310621859e-01
2.412598441024751128e-01
2.374463343935349913e-01
2.336897292278984073e-01
2.299895687733988781e-01
2.263453789784064252e-01
2.227566724827940992e-01
2.192229495035175890e-01
2.157436986948589042e-01
2.123183979834012136e-01
2.089465153778646556e-01
2.056275097539454477e-01
2.023608316143378771e-01
1.991459238241603258e-01
1.959822223220038517e-01
1.928691568157277214e-01
1.898061514091024526e-01
1.867926252978532320e-01
1.838279933473790650e-01
1.809116666963118125e-01
1.780430533276469995e-01
1.752215586177841566e-01
1.724465858638608851e-01
1.697175367897852394e-01
1.670338120313857033e-01
1.643948116010909011e-01
1.617999353325907108e-01
1.592485833058886469e-01
1.567401562532203252e-01
1.542740559462643102e-01
1.518496855651086663e-01
1.494664500494259363e-01
1.471237564323156222e-01
1.448210141572664478e-01
1.425576353787026407e-01
1.403330352465675945e-01
1.381466321754015181e-01
1.359978480983661808e-01
1.338861087066658684e-01
1.318108436748136880e-01
1.297714868721872306e-01
1.277674765613071861e-01
1.257982555832764804e-01
1.238632715308085885e-01
1.219619769092635669e-01
1.200938292861112866e-01
1.182582914292313742e-01
1.164548314344481666e-01
1.146829228427045794e-01
1.129420447472574696e-01
1.112316818912717081e-01
1.095513247561995945e-01
1.079004696412960845e-01
1.062786187346381750e-01
1.046852801759904361e-01
1.031199681118639272e-01
1.015822027430961089e-01
1.000715103652827787e-01
9.858742340236854862e-02
9.712948043371834317e-02
9.569722621495595216e-02
9.429021169286490311e-02
9.290797122218430459e-02
9.155013653178724342e-02
9.021620879882767674e-02
8.890578656727213258e-02
8.761845177489878400e-02
8.635379253071365224e-02
8.511140309578067720e-02
8.389088386015451648e-02
8.269184131614036593e-02
8.151388802808925971e-02
8.035664259893171568e-02
7.921972963365589426e-02
7.810277969991005764e-02
7.700542928592374325e-02
7.592732075591276941e-02
7.486810230315048276e-02
7.382742790085894402e-02
7.280495725108293570e-02
7.180035573169615826e-02
7.081329434168406878e-02
6.984344964484291707e-02
6.889050371202762313e-02
6.795414406207879454e-02
6.703406360154620658e-02
6.612996056332903771e-02
6.524153844434552041e-02
6.436850594233371747e-02
6.351057689189175404e-02
6.266747019984786338e-02
6.183890978005875810e-02
6.102462448771900361e-02
6.022434805327135654e-02
5.943781901598942097e-02
5.866478065731680486e-02
5.790498093402848129e-02
5.715817241128496456e-02
5.642411219564271579e-02
5.570256186808267285e-02
5.499328741711239504e-02
5.429605917199855497e-02
5.361065173617985541e-02
5.293684392090696605e-02
5.227441867915742779e-02
5.162316303986672766e-02
5.098286804251481868e-02
5.035332867210583901e-02
4.973434379457669641e-02
4.912571609266516703e-02
4.852725200226941371e-02
4.793876164932618644e-02
4.736005878723274082e-02
4.679096073483888368e-02
4.623128831502908154e-02
4.568086579391437280e-02
4.513952082065639942e-02
4.460708436793528464e-02
4.408339067308114645e-02
4.356827717988029369e-02
4.306158448106943426e-02
4.256315626152881726e-02
4.207283924218491178e-02
4.159048312462919339e-02
4.111593291593596683e-02
4.064905986564633367e-02
4.018971418327892120e-02
3.973776298718792455e-02
3.929305744088988639e-02
3.885547059059564490e-02
3.842487151342673796e-02
3.800113185061150534e-02
3.758412575876951545e-02
3.717372986194399098e-02
3.676982320437962443e-02
3.637228720404472870e-02
3.598100560689616173e-02
3.559586444187973209e-02
3.521675197666949281e-02
3.484355867413371777e-02
3.447617714953035706e-02
3.411450212842102869e-02
3.375843040530306788e-02
3.340786080295025939e-02
3.306269413245720157e-02
3.272283315398467896e-02
3.238818253819163856e-02
3.205864882835551127e-02
3.173414040316663992e-02
3.141456744019516939e-02
3.109984188001841537e-02
3.078987739100381982e-02
3.048458933473879168e-02
3.018389473209882878e-02
2.988771222994794641e-02
2.959596206845920355e-02
2.930856604905256874e-02
2.902544750293630654e-02
2.874653126024707961e-02
2.847174361977858684e-02
2.820101231929146579e-02
2.793426650639401973e-02
2.767143670998721550e-02
2.741245481226423780e-02
2.715725402125633917e-02
2.690576884391580881e-02
2.665793505972844507e-02
2.641368969484672591e-02
2.617297099673519464e-02
2.593571840931812450e-02
2.570187254862316140e-02
2.547137517891285077e-02
2.524416918929256112e-02
2.502019857078989148e-02
2.479940839389541130e-02
2.458174478655758555e-02
2.436715491262367653e-02
2.415558695071764322e-02
2.394699007354892523e-02
2.374131442764234809e-02
2.353851111348328681e-02
2.333853216606870951e-02
2.314133053585777991e-02
2.294686007011426804e-02
2.275507549463211265e-02
2.256593239584026370e-02
2.237938689023895658e-02
2.219539689704651958e-02
2.201392013550692445e-02
2.183491546225146268e-02
2.165834251044787551e-02
2.148416167402491389e-02
2.131233409222494865e-02
2.114282163447890259e-02
2.097558688559645820e-02
2.081059297040984551e-02
2.064780412200402024e-02
2.048718488650394520e-02
2.032870056886670884e-02
2.017231711986896062e-02
2.001800112305765142e-02
1.986571978197524888e-02
1.971544090765270374e-02
1.956713290636589650e-02
1.942076476764876408e-02
1.927630605255875249e-02
1.913372688218992895e-02
1.899299792642673151e-02
1.885409039293507727e-02
1.871697601638507708e-02
1.858162704790118636e-02
1.844801624473428603e-02
1.831611686015115550e-02
1.818590263353675462e-02
1.805734778070638286e-02
1.793042698442048888e-02
1.780511538510011829e-02
1.768138857173733730e-02
1.755922257299802683e-02
1.743859384851110736e-02
1.731947928034237999e-02
1.720185616464636053e-02
1.708570220349470495e-02
1.697099549687721906e-02
1.685771453486959240e-02
1.674583818996718682e-02
1.663534570957912392e-02
1.652621670868056544e-02
1.641843116261892943e-02
1.631196940007191218e-02
1.620681209615198320e-02
1.610294026565636111e-02
1.600033525645884469e-02
1.589897874303883296e-02
1.579885272014705869e-02
1.569993949660310889e-02
1.560222168922261940e-02
1.550568221687235321e-02
1.541030429464782317e-02
1.531607142817320751e-02
1.522296641182797547e-02
1.513097525246491319e-02
1.504008135855892589e-02
1.495026934353422057e-02
1.486152408454955061e-02
1.477383071747193598e-02
1.468717463195562400e-02
1.460154146662273784e-02
1.451691710434393698e-02
1.443328766761711214e-02
1.435063951404115350e-02
1.426895923188424911e-02
1.418823363574340732e-02
1.410844976229283856e-02
1.402959486612141531e-02
1.395165641565482111e-02
1.387462208916221372e-02
1.379847977084443927e-02
1.372321754700382701e-02
1.364882370229107689e-02
1.357528671603023228e-02
1.350259525861830477e-02
1.343073818799872012e-02
1.335970454620716633e-02
1.328948355598734074e-02
1.322006461747567835e-02
1.315143730495468323e-02
1.308359136367107101e-02
1.301651670671843779e-02
1.295020341198463952e-02
1.288464171915981900e-02
1.281982202680473880e-02
1.275573488947942882e-02
1.269237101492913869e-02
1.262972126132696007e-02
1.256777663457233317e-02
1.250652828564337120e-02
1.244596750800328749e-02
1.238608573505751639e-02
1.232687453766273186e-02
1.226832562168533869e-02
1.221043082560899738e-02
1.215318067653545393e-02
1.209657004792991965e-02
1.204058983131456838e-02
1.198523237315049506e-02
1.193049014123766585e-02
1.187635572259172247e-02
1.182282182136342417e-02
1.176988125679890619e-02
1.171752696124026515e-02
1.166575197816496941e-02
1.161454946026522703e-02
1.156391266756377247e-02
1.151383496556702447e-02
1.146430982345504959e-02
1.141533081230610217e-02
1.136689160335623526e-02
1.131898596629340482e-02
1.127160776758409470e-02
1.122475096883227344e-02
1.117840962517199950e-02
1.113257788368928435e-02
1.108724998187570268e-02
1.104242024611160403e-02
1.099808309017869315e-02
1.095423301380158559e-02
1.091086460121762011e-02
1.086797251977358360e-02
1.082555151854976486e-02
1.078359642701139445e-02
1.074210215368459967e-02
1.070106368485875328e-02
1.066047608331321776e-02
1.062033448706832355e-02
1.058063410816137244e-02
1.054137023144455752e-02
1.050253821340613528e-02
1.046413348101529403e-02
1.042615153058757370e-02
1.038858792667239975e-02
1.035143830096203407e-02
1.031469835122074234e-02
1.027836384023446750e-02
1.024243059478101812e-02
1.020689450461837941e-02
1.017175152149298392e-02
1.013699765816738867e-02
1.010262898746499584e-02
1.006864164133350163e-02
1.003503180992574607e-02
1.000179574069825356e-02
9.968929737526211615e-03
9.936430159835349385e-03
9.904293421750299392e-03
9.872515991258001139e-03
9.841094389388582026e-03
9.810025189409642479e-03
9.779305016036982795e-03
9.748930544659391642e-03
9.718898500578065230e-03
9.689205658260936424e-03
9.659848840609336004e-03
9.630824918240420834e-03
9.602130808780872523e-03
9.573763476175667364e-03
9.545719930008588622e-03
9.517997224835801282e-03
9.490592459531552519e-03
9.463502776646462791e-03
9.436725361777999893e-03
9.410257442951550436e-03
9.384096290013974398e-03
9.358239214038837836e-03
9.332683566741606374e-03
9.307426739906397156e-03
9.282466164823510377e-03
9.257799311736944134e-03
9.233423689302905704e-03
9.209336844057799606e-03
9.185536359896707276e-03
9.162019857560762398e-03
9.138784994135376941e-03
9.115829462556790386e-03
9.093150991128239741e-03
9.070747343045299296e-03
9.048616315929878390e-03
9.026755741373525960e-03
9.005163484488440742e-03
8.983837443467772646e-03
8.962775549153239457e-03
8.941975764612627997e-03
8.921436084723389365e-03
8.901154535765223516e-03
8.881129175020026009e-03
8.861358090379616720e-03
8.841839399961059706e-03
8.822571251728899416e-03
8.803551823124712225e-03
8.784779320704479838e-03
8.766251979782216375e-03
8.747968064080497916e-03
8.729925865388236256e-03
8.712123703224508575e-03
8.694559924509442234e-03
8.677232903241636000e-03
8.660141040181168828e-03
8.643282762539040986e-03
8.626656523674012048e-03
8.610260802793852017e-03
8.594094104663186143e-03
8.578154959317373096e-03
8.562441921781932530e-03
8.546953571797988661e-03
8.531688513552461786e-03
8.516645375415025226e-03
8.501822809678935902e-03
8.487219492309225344e-03
8.472834122694276882e-03
8.458665423403651309e-03
8.444712139950594568e-03
8.430973040559921333e-03
8.417446915941002167e-03
8.404132579064953895e-03
8.391028864947013347e-03
8.378134630434576693e-03
8.365448753998472320e-03
8.352970135530164708e-03
8.340697696142490222e-03
8.328630377975968294e-03
8.316767144008647972e-03
8.305106977871590593e-03
8.293648883667126270e-03
8.282391885792531397e-03
8.271335028768051628e-03
8.260477377068701360e-03
8.249818014960400014e-03
8.239356046339988901e-03
8.229090594579838158e-03
8.219020802376400189e-03
8.209145831602102442e-03
8.199464863162099146e-03
8.189977096854201069e-03
8.180681751233548002e-03
8.171578063480088028e-03
8.162665289270914018e-03
8.153942702655290684e-03
8.145409595934387931e-03
8.137065279544535706e-03
8.128909081943440015e-03
8.120940349500690644e-03
8.113158446392111298e-03
8.105562754497334585e-03
8.098152673300697268e-03
8.090927619796368236e-03
8.083887028396321422e-03
8.077030350842210119e-03
8.070357056121090639e-03
8.063866630383635312e-03
8.057558576866283295e-03
8.051432415817362173e-03
8.045487684425802963e-03
8.039723936753766925e-03
8.034140743672455592e-03
8.028737692801119624e-03
8.023514388450092225e-03
8.018470451566514848e-03
8.013605519683704090e-03
8.008919246873281994e-03
8.004411303702232972e-03
8.000081377191544524e-03
7.995929170778686909e-03
7.991954404284165939e-03
7.988156813880223361e-03
7.984536152064422229e-03
7.981092187634535040e-03
7.977824705668126043e-03
7.974733507505755645e-03
7.971818410736315058e-03
7.969079249186846944e-03
7.966515872914716606e-03
7.964128148203960395e-03
7.961915957564590085e-03
7.959879199735574867e-03
7.958017789691034308e-03
7.956331658648974417e-03
7.954820754085902695e-03
7.953485039752090230e-03
7.952324495691911327e-03
7.951339118267342077e-03
7.950528920184808668e-03
7.949893930525624847e-03
7.949434194780358523e-03
7.949149774886112713e-03
7.949040749267397357e-03
7.949107212881861839e-03
7.949349277268339883e-03
7.949767070599042182e-03
7.950360737735591432e-03
7.951130440288859888e-03
7.952076356682651059e-03
7.953198682220869939e-03
7.954497629158584215e-03
7.955973426777996488e-03
