1.094486546492996343e-01
1.098263707698113323e-01
1.102069301176927252e-01
1.105903357263110093e-01
1.109765904598489644e-01
1.113656970099266563e-01
1.117576578922064856e-01
1.121524754429814585e-01
1.125501518157494690e-01
1.129506889777711631e-01
1.133540887066145225e-01
1.137603525866856258e-01
1.141694820057459342e-01
1.145814781514182396e-01
1.149963420076801635e-01
1.154140743513472206e-01
1.158346757485454182e-01
1.162581465511746542e-01
1.166844868933632623e-01
1.171136966879147839e-01
1.175457756227472478e-01
1.179807231573266335e-01
1.184185385190943268e-01
1.188592206998903000e-01
1.193027684523721849e-01
1.197491802864310700e-01
1.201984544656062998e-01
1.206505890034978573e-01
1.211055816601791096e-01
1.215634299386103984e-01
1.220241310810533802e-01
1.224876820654890869e-01
1.229540796020390375e-01
1.234233201293901960e-01
1.238953998112270471e-01
1.243703145326687659e-01
1.248480598967148386e-01
1.253286312206995934e-01
1.258120235327557235e-01
1.262982315682891488e-01
1.267872497664661591e-01
1.272790722667128949e-01
1.277736929052298298e-01
1.282711052115210748e-01
1.287713024049403632e-01
1.292742773912552712e-01
1.297800227592293409e-01
1.302885307772253254e-01
1.307997933898289999e-01
1.313138022144961503e-01
1.318305485382227360e-01
1.323500233142477223e-01
1.328722171587401746e-01
1.333971203476177758e-01
1.339247228132562917e-01
1.344550141413324573e-01
1.349879835676573436e-01
1.355236199750488868e-01
1.360619118902395008e-01
1.366028474808177462e-01
1.371464145522085787e-01
1.376926005446900414e-01
1.382413925304511182e-01
1.387927772106892776e-01
1.393467409127510936e-01
1.399032695873159982e-01
1.404623488056259972e-01
1.410239637567609061e-01
1.415880992449618792e-01
1.421547396870045665e-01
1.427238691096225920e-01
1.432954711469834608e-01
1.438695290382175640e-01
1.444460256250029162e-01
1.450249433492055984e-01
1.456062642505786264e-01
1.461899699645196615e-01
1.467760417198896439e-01
1.473644603368936268e-01
1.479552062250249767e-01
1.485482593810748264e-01
1.491435993872076982e-01
1.497412054091050992e-01
1.503410561941785628e-01
1.509431300698529932e-01
1.515474049419223146e-01
1.521538582929788386e-01
1.527624671809170442e-01
1.533732082375141303e-01
1.539860576670880610e-01
1.546009912452344370e-01
1.552179843176443308e-01
1.558370117990036108e-01
1.564580481719749228e-01
1.570810674862654077e-01
1.577060433577790466e-01
1.583329489678564350e-01
1.589617570626035703e-01
1.595924399523096782e-01
1.602249695109559668e-01
1.608593171758174734e-01
1.614954539471577244e-01
1.621333503880177385e-01
1.627729766241023668e-01
1.634143023437621134e-01
1.640572967980743480e-01
1.647019288010236060e-01
1.653481667297823920e-01
1.659959785250937347e-01
1.666453316917565486e-01
1.672961932992148848e-01
1.679485299822515709e-01
1.686023079417887649e-01
1.692574929457940636e-01
1.699140503302956906e-01
1.705719450005053484e-01
1.712311414320518976e-01
1.718916036723245888e-01
1.725532953419282312e-01
1.732161796362506334e-01
1.738802193271426211e-01
1.745453767647127397e-01
1.752116138792352840e-01
1.758788921831746788e-01
1.765471727733249063e-01
1.772164163330660902e-01
1.778865831347375137e-01
1.785576330421290436e-01
1.792295255130899045e-01
1.799022196022570796e-01
1.805756739639019781e-01
1.812498468548969788e-01
1.819246961378020722e-01
1.826001792840714066e-01
1.832762533773804325e-01
1.839528751170737830e-01
1.846300008217348354e-01
1.853075864328747879e-01
1.859855875187449437e-01
1.866639592782688983e-01
1.873426565450971581e-01
1.880216337917821612e-01
1.887008451340756732e-01
1.893802443353466425e-01
1.900597848111206245e-01
1.907394196337400538e-01
1.914191015371451421e-01
1.920987829217752352e-01
1.927784158595903796e-01
1.934579520992127377e-01
1.941373430711867965e-01
1.948165398933592585e-01
1.954954933763327907e-01
1.961741540293013286e-01
1.968524720653435645e-01
1.975303974077115277e-01
1.982078796955765720e-01
1.988848682901530607e-01
1.995613122808932993e-01
2.002371604917954628e-01
2.009123614878239317e-01
2.015868635814416221e-01
2.022606148392526448e-01
2.029335630887542374e-01
2.036056559251977760e-01
2.042768407185562296e-01
2.049470646205985014e-01
2.056162745720681584e-01
2.062844173099656342e-01
2.069514393749328496e-01
2.076172871187387248e-01
2.082819067118635847e-01
2.089452441511817637e-01
2.096072452677409104e-01
2.102678557346349120e-01
2.109270210749716046e-01
2.115846866699295503e-01
2.122407977669075463e-01
2.128952994877592042e-01
2.135481368371154043e-01
2.141992547107902101e-01
2.148485979042697447e-01
2.154961111212803648e-01
2.161417389824366042e-01
2.167854260339645012e-01
2.174271167564990059e-01
2.180667555739546903e-01
2.187042868624649028e-01
2.193396549593901179e-01
2.199728041723904015e-01
2.206036787885621575e-01
2.212322230836352988e-01
2.218583813312289821e-01
2.224820978121632709e-01
2.231033168238248376e-01
2.237219826895837094e-01
2.243380397682581961e-01
2.249514324636271156e-01
2.255621052339842614e-01
2.261700026017348375e-01
2.267750691630294468e-01
2.273772495974346608e-01
2.279764886776351751e-01
2.285727312791676624e-01
2.291659223901811593e-01
2.297560071212225441e-01
2.303429307150433869e-01
2.309266385564266721e-01
2.315070761820292589e-01
2.320841892902376358e-01
2.326579237510340292e-01
2.332282256158708933e-01
2.337950411275490359e-01
2.343583167300977432e-01
2.349179990786539607e-01
2.354740350493368106e-01
2.360263717491151436e-01
2.365749565256648201e-01
2.371197369772127250e-01
2.376606609623645172e-01
2.381976766099132559e-01
2.387307323286255722e-01
2.392597768170026951e-01
2.397847590730131928e-01
2.403056284037936863e-01
2.408223344353166706e-01
2.413348271220184527e-01
2.418430567563895073e-01
2.423469739785187038e-01
2.428465297855928184e-01
2.433416755413453925e-01
2.438323629854534935e-01
2.443185442428790766e-01
2.448001718331511978e-01
2.452771986795871106e-01
2.457495781184487471e-01
2.462172639080318637e-01
2.466802102376843275e-01
2.471383717367520161e-01
2.475917034834470010e-01
2.480401610136385993e-01
2.484837003295601310e-01
2.489222779084334924e-01
2.493558507110036626e-01
2.497843761899847248e-01
2.502078122984113251e-01
2.506261174978952622e-01
2.510392507667831286e-01
2.514471716082122277e-01
2.518498400580639895e-01
2.522472166928084736e-01
2.526392626372431227e-01
2.530259395720979021e-01
2.534072097416398828e-01
2.537830359608828634e-01
2.541533816230480136e-01
2.545182107066250587e-01
2.548774877824224738e-01
2.552311780204712943e-01
2.555792471968016399e-01
2.559216617000890093e-01
2.562583885381668480e-01
2.565893953444058351e-01
2.569146503839552231e-01
2.572341225598459569e-01
2.575477814189528480e-01
2.578555971578140316e-01
2.581575406283055374e-01
2.584535833431706453e-01
2.587436974813993595e-01
2.590278558934595021e-01
2.593060321063758167e-01
2.595782003286555839e-01
2.598443354550604156e-01
2.601044130712212299e-01
2.603584094580963515e-01
2.606063015962696849e-01
2.608480671700906250e-01
2.610836845716497656e-01
2.613131329045950690e-01
2.615363919877814469e-01
2.617534423587580261e-01
2.619642652770874380e-01
2.621688427275001843e-01
2.623671574228798598e-01
2.625591928070815650e-01
2.627449330575796216e-01
2.629243630879458671e-01
2.630974685501584753e-01
2.632642358367381363e-01
2.634246520827139837e-01
2.635787051674166603e-01
2.637263837160999658e-01
2.638676771013886424e-01
2.640025754445548545e-01
2.641310696166200289e-01
2.642531512392846116e-01
2.643688126856842402e-01
2.644780470809728334e-01
2.645808483027328184e-01
2.646772109812113860e-01
2.647671304993858277e-01
2.648506029928545669e-01
2.649276253495570499e-01
2.649981952093223847e-01
2.650623109632452290e-01
2.651199717528923139e-01
2.651711774693383261e-01
2.652159287520322595e-01
2.652542269874952896e-01
2.652860743078501726e-01
2.653114735891837772e-01
2.653304284497436383e-01
2.653429432479680883e-01
2.653490230803539629e-01
2.653486737791586614e-01
2.653419019099424458e-01
2.653287147689478154e-01
2.653091203803207287e-01
2.652831274931718997e-01
2.652507455784823276e-01
2.652119848258525647e-01
2.651668561400977731e-01
2.651153711376894040e-01
2.650575421430473311e-01
2.649933821846804372e-01
2.649229049911809297e-01
2.648461249870708301e-01
2.647630572885055211e-01
2.646737176988335216e-01
2.645781227040153172e-01
2.644762894679044130e-01
2.643682358273896083e-01
2.642539802874033228e-01
2.641335420157965852e-01
2.640069408380824045e-01
2.638741972320511886e-01
2.637353323222580981e-01
2.635903678743864442e-01
2.634393262894884624e-01
2.632822305981055155e-01
2.631191044542707247e-01
2.629499721293949155e-01
2.627748585060405984e-01
2.625937890715832057e-01
2.624067899117652480e-01
2.622138877041425009e-01
2.620151097114277738e-01
2.618104837747324831e-01
2.616000383067093593e-01
2.613838022845988984e-01
2.611618052431817771e-01
2.609340772676401188e-01
2.607006489863292753e-01
2.604615515634641221e-01
2.602168166917215308e-01
2.599664765847612968e-01
2.597105639696692392e-01
2.594491120793242511e-01
2.591821546446921865e-01
2.589097258870488583e-01
2.586318605101365353e-01
2.583485936922533810e-01
2.580599610782818853e-01
2.577659987716566237e-01
2.574667433262756155e-01
2.571622317383561729e-01
2.568525014382402882e-01
2.565375902821495635e-01
2.562175365438951746e-01
2.558923789065425947e-01
2.555621564540370705e-01
2.552269086627886874e-01
2.548866753932235163e-01
2.545414968813007328e-01
2.541914137299997600e-01
2.538364669007796004e-01
2.534766977050130765e-01
2.531121477953981458e-01
2.527428591573507299e-01
2.523688741003783376e-01
2.519902352494409192e-01
2.516069855362981222e-01
2.512191681908477192e-01
2.508268267324574863e-01
2.504300049612913637e-01
2.500287469496345061e-01
2.496230970332191101e-01
2.492130998025517685e-01
2.487988000942480404e-01
2.483802429823736002e-01
2.479574737697955444e-01
2.475305379795476046e-01
2.470994813462082107e-01
2.466643498072974838e-01
2.462251894946930475e-01
2.457820467260676545e-01
2.453349679963507113e-01
2.448839999692168368e-01
2.444291894686010380e-01
2.439705834702468046e-01
2.435082290932845672e-01
2.430421735918470161e-01
2.425724643467192521e-01
2.420991488570295447e-01
2.416222747319792807e-01
2.411418896826171554e-01
2.406580415136573559e-01
2.401707781153441801e-01
2.396801474553652278e-01
2.391861975708157173e-01
2.386889765602132063e-01
2.381885325755676019e-01
2.376849138145060991e-01
2.371781685124552119e-01
2.366683449348819523e-01
2.361554913695951274e-01
2.356396561191090588e-01
2.351208874930703074e-01
2.345992338007501232e-01
2.340747433436023428e-01
2.335474644078903428e-01
2.330174452573827992e-01
2.324847341261196132e-01
2.319493792112502228e-01
2.314114286659452180e-01
2.308709305923820898e-01
2.303279330348061704e-01
2.297824839726692325e-01
2.292346313138453606e-01
2.286844228879253982e-01
2.281319064395919138e-01
2.275771296220750195e-01
2.270201399906895123e-01
2.264609849964553945e-01
2.258997119798019648e-01
2.253363681643558714e-01
2.247710006508148450e-01
2.242036564109080865e-01
2.236343822814419180e-01
2.230632249584345028e-01
2.224902309913371345e-01
2.219154467773458705e-01
2.213389185558009842e-01
2.207606924026769557e-01
2.201808142251627243e-01
2.195993297563327007e-01
2.190162845499084576e-01
2.184317239751130679e-01
2.178456932116165090e-01
2.172582372445733545e-01
2.166694008597535304e-01
2.160792286387657191e-01
2.154877649543730511e-01
2.148950539658987524e-01
2.143011396147514458e-01
2.137060656199757103e-01
2.131098754739878809e-01
2.125126124383363013e-01
2.119143195395830903e-01
2.113150395652751701e-01
2.107148150600079428e-01
2.101136883215836137e-01
2.095117013972617459e-01
2.089088960801041006e-01
2.083053139054121261e-01
2.077009961472572053e-01
2.070959838151038568e-01
2.064903176505251958e-01
2.058840381240111816e-01
2.052771854318678202e-01
2.046697994932084319e-01
2.040619199470364853e-01
2.034535861494183029e-01
2.028448371707471665e-01
2.022357117930973502e-01
2.016262485076668887e-01
2.010164855123105221e-01
2.004064607091600447e-01
1.997962117023346640e-01
1.991857757957365138e-01
1.985751899909354856e-01
1.979644909851386303e-01
1.973537151692466851e-01
1.967428986259953105e-01
1.961320771281809261e-01
1.955212861369705624e-01
1.949105608002953682e-01
1.942999359513258584e-01
1.936894461070299833e-01
1.930791254668115242e-01
1.924690079112303109e-01
1.918591270008001282e-01
1.912495159748673901e-01
1.906402077505672255e-01
1.900312349218568342e-01
1.894226297586253660e-01
1.888144242058805711e-01
1.882066498830087808e-01
1.875993380831101065e-01
1.869925197724069121e-01
1.863862255897241471e-01
1.857804858460413155e-01
1.851753305241156666e-01
1.845707892781743298e-01
1.839668914336761996e-01
1.833636659871409336e-01
1.827611416060456739e-01
1.821593466287877994e-01
1.815583090647124864e-01
1.809580565942051911e-01
1.803586165688472465e-01
1.797600160116336887e-01
1.791622816172527555e-01
1.785654397524261694e-01
1.779695164563088183e-01
1.773745374409468611e-01
1.767805280917937316e-01
1.761875134682832078e-01
1.755955183044574930e-01
1.750045670096509465e-01
1.744146836692269109e-01
1.738258920453681633e-01
1.732382155779185751e-01
1.726516773852761477e-01
1.720663002653359253e-01
1.714821066964821172e-01
1.708991188386279336e-01
1.703173585343027152e-01
1.697368473097854158e-01
1.691576063762827153e-01
1.685796566311521527e-01
1.680030186591675301e-01
1.674277127338279769e-01
1.668537588187065657e-01
1.662811765688415877e-01
1.657099853321652994e-01
1.651402041509725527e-01
1.645718517634263967e-01
1.640049466051006766e-01
1.634395068105584936e-01
1.628755502149649148e-01
1.623130943557347383e-01
1.617521564742121221e-01
1.611927535173832415e-01
1.606349021396199506e-01
1.600786187044535014e-01
1.595239192863781852e-01
1.589708196726834777e-01
1.584193353653136349e-01
1.578694815827549336e-01
1.573212732619478083e-01
1.567747250602254117e-01
1.562298513572757119e-01
1.556866662571274040e-01
1.551451835901583032e-01
1.546054169151137025e-01
1.540673795212077479e-01
1.535310844301330246e-01
1.529965443981510798e-01
1.524637719182660445e-01
1.519327792223022500e-01
1.514035782830621402e-01
1.508761808164873208e-01
1.503505982838367616e-01
1.498268418938786539e-01
1.493049226050969236e-01
1.487848511279114827e-01
1.482666379269108325e-01
1.477502932230974342e-01
1.472358269961435984e-01
1.467232489866591438e-01
1.462125686984679096e-01
1.457037954008951197e-01
1.451969381310619922e-01
1.446920056961899237e-01
1.441890066759109468e-01
1.436879494245855149e-01
1.431888420736270318e-01
1.426916925338310715e-01
1.421965084977104554e-01
1.417032974418346303e-01
1.412120666291723226e-01
1.407228231114386607e-01
1.402355737314440742e-01
1.397503251254458290e-01
1.392670837255015615e-01
1.387858557618237010e-01
1.383066472651341694e-01
1.378294640690203299e-01
1.373543118122894924e-01
1.368811959413233914e-01
1.364101217124309984e-01
1.359410941941996964e-01
1.354741182698441793e-01
1.350091986395529908e-01
1.345463398228317065e-01
1.340855461608427002e-01
1.336268218187409429e-01
1.331701707880055263e-01
1.327155968887666626e-01
1.322631037721270497e-01
1.318126949224782962e-01
1.313643736598112954e-01
1.309181431420198549e-01
1.304740063671991079e-01
1.300319661759351542e-01
1.295920252535891493e-01
1.291541861325725682e-01
1.287184511946154464e-01
1.282848226730258501e-01
1.278533026549410201e-01
1.274238930835699390e-01
1.269965957604262119e-01
1.265714123475525921e-01
1.261483443697345996e-01
1.257273932167054520e-01
1.253085601453402531e-01
1.248918462818396913e-01
1.244772526239037169e-01
1.240647800428935077e-01
1.236544292859833721e-01
1.232462009783009266e-01
1.228400956250552956e-01
1.224361136136545847e-01
1.220342552158109189e-01
1.216345205896335741e-01
1.212369097817099922e-01
1.208414227291741555e-01
1.204480592617627049e-01
1.200568191038584864e-01
1.196677018765205658e-01
1.192807070995020591e-01
1.188958341932545987e-01
1.185130824809191158e-01
1.181324511903040081e-01
1.177539394558492492e-01
1.173775463205771474e-01
1.170032707380291997e-01
1.166311115741898163e-01
1.162610676093951551e-01
1.158931375402287994e-01
1.155273199814031981e-01
1.151636134676264633e-01
1.148020164554561240e-01
1.144425273251371278e-01
1.140851443824271588e-01
1.137298658604060514e-01
1.133766899212720891e-01
1.130256146581227750e-01
1.126766380967221121e-01
1.123297581972523274e-01
1.119849728560522034e-01
1.116422799073395339e-01
1.113016771249202008e-01
1.109631622238817922e-01
1.106267328622730362e-01
1.102923866427683169e-01
1.099601211143178409e-01
1.096299337737831059e-01
1.093018220675570640e-01
1.089757833931730702e-01
1.086518151008881578e-01
1.083299144952717535e-01
1.080100788367600317e-01
1.076923053432060767e-01
1.073765911914117410e-01
1.070629335186509407e-01
1.067513294241673460e-01
1.064417759706686450e-01
1.061342701858011967e-01
1.058288090636107515e-01
1.055253895659898078e-01
1.052240086241098826e-01
1.049246631398399465e-01
1.046273499871507584e-01
1.043320660135048789e-01
1.040388080412327082e-01
1.037475728688949661e-01
1.034583572726302941e-01
1.031711580074901602e-01
1.028859718087590247e-01
1.026027953932611703e-01
1.023216254606539588e-01
1.020424586947075163e-01
1.017652917645704286e-01
1.014901213260225865e-01
1.012169440227146527e-01
1.009457564873935675e-01
1.006765553431158561e-01
1.004093372044469190e-01
1.001440986786477499e-01
9.988083636684885747e-02
9.961954686521072577e-02
9.936022676607217385e-02
9.910287265908544752e-02
9.884748113233927935e-02
9.859404877346865381e-02
9.834257217075320634e-02
9.809304791420231373e-02
9.784547259662845775e-02
9.759984281470841794e-02
9.735615517003236297e-02
9.711440627014043814e-02
9.687459272954879186e-02
9.663671117076266803e-02
9.640075822527822968e-02
9.616673053457268361e-02
9.593462475108339993e-02
9.570443753917504126e-02
9.547616557609563126e-02
9.524980555292181239e-02
9.502535417549226593e-02
9.480280816533090404e-02
9.458216426055864046e-02
9.436341921679476663e-02
9.414656980804733677e-02
9.393161282759306119e-02
9.371854508884673585e-02
9.350736342622026354e-02
9.329806469597146101e-02
9.309064577704213861e-02
9.288510357188728417e-02
9.268143500729261741e-02
9.247963703518372047e-02
9.227970663342419111e-02
9.208164080660510842e-02
9.188543658682386817e-02
9.169109103445444164e-02
9.149860123890705965e-02
9.130796431937993063e-02
9.111917742560067535e-02
9.093223773855883818e-02
9.074714247122946109e-02
9.056388886928785908e-02
9.038247421181491714e-02
9.020289581199426865e-02
9.002515101780027285e-02
8.984923721267738805e-02
8.967515181621163456e-02
8.950289228479259285e-02
8.933245611226790783e-02
8.916384083058905008e-02
8.899704401044902791e-02
8.883206326191186997e-02
8.866889623503428075e-02
8.850754062047903881e-02
8.834799415012067891e-02
8.819025459764343045e-02
8.803431977913130091e-02
8.788018755365058221e-02
8.772785582382468250e-02
8.757732253640142239e-02
8.742858568281318410e-02
8.728164329972921964e-02
8.713649346960092301e-02
8.699313432119995526e-02
8.685156403014909765e-02
8.671178081944568017e-02
8.657378295997845974e-02
8.643756877103743463e-02
8.630313662081619264e-02
8.617048492690808359e-02
8.603961215679511998e-02
8.591051682833066028e-02
8.578319751021358519e-02
8.565765282245908774e-02
8.553388143685992928e-02
8.541188207744239425e-02
8.529165352091534757e-02
8.517319459711304719e-02
8.505650418943162816e-02
8.494158123525867576e-02
8.482842472639712250e-02
8.471703370948230338e-02
8.460740728639298824e-02
8.449954461465612743e-02
8.439344490784533859e-02
8.428910743597323174e-02
8.418653152587764199e-02
8.408571656160160335e-02
8.398666198476724409e-02
8.388936729494381184e-02
8.379383205000939805e-02
8.370005586650648699e-02
8.360803841999153718e-02
8.351777944538051057e-02
8.342927873728354926e-02
8.334253615033869467e-02
8.325755159953730777e-02
8.317432506054352193e-02
8.309285657000829717e-02
8.301314622587711856e-02
8.293519418769201845e-02
8.285900067688711790e-02
8.278456597707889442e-02
8.271189043434988564e-02
8.264097445752678628e-02
8.257181851845218912e-02
8.250442315225052503e-02
8.243878895758822989e-02
8.237491659692711132e-02
8.231280679677271950e-02
8.225246034791541816e-02
8.219387810566641805e-02
8.213706099008699635e-02
8.208200998621180411e-02
8.202872614426585940e-02
8.197721057987565618e-02
8.192746447427340373e-02
8.187948907449540958e-02
8.183328569357413429e-02
8.178885571072359861e-02
8.174620057151847641e-02
8.170532178806672041e-02
8.166622093917588754e-02
8.162889967051210893e-02
8.159335969475359218e-02
8.155960279173635197e-02
8.152763080859393163e-02
8.149744565988979728e-02
8.146904932774327868e-02
8.144244386194819663e-02
8.141763138008492606e-02
8.139461406762463214e-02
8.137339417802734454e-02
8.135397403283185780e-02
8.133635602173898416e-02
8.132054260268706258e-02
8.130653630192023751e-02
8.129433971404875781e-02
8.128395550210211484e-02
8.127538639757425631e-02
8.126863520046069544e-02
8.126370477928818170e-02
8.126059807113603095e-02
8.125931808164922610e-02
8.125986788504366287e-02
8.126225062410273592e-02
8.126646951016551490e-02
8.127252782310674661e-02
8.128042891130740633e-02
8.129017619161725550e-02
8.130177314930810140e-02
8.131522333801807778e-02
8.133053037968687726e-02
8.134769796448115819e-02
8.136672985071274899e-02
8.138762986474312733e-02
8.141040190088240369e-02
8.143504992127639786e-02
8.146157795578408412e-02
8.148999010184547476e-02
8.152029052433845679e-02
8.155248345542615018e-02
8.158657319439319155e-02
8.162256410747131818e-02
8.166046062765483504e-02
8.170026725450403593e-02
8.174198855393875751e-02
8.178562915801940170e-02
8.183119376471761908e-02
8.187868713767493256e-02
8.192811410594928734e-02
8.197947956375034595e-02
8.203278847016197417e-02
8.208804584885343036e-02
8.214525678777701012e-02
8.220442643885370049e-02
8.226556001764619153e-02
8.232866280301849582e-02
8.239374013678277264e-02
8.246079742333248253e-02
8.252984012926256607e-02
8.260087378297509275e-02
8.267390397427207271e-02
8.274893635393332225e-02
8.282597663328031268e-02
8.290503058372603040e-02
8.298610403630989063e-02
8.306920288121603935e-02
8.315433306728101104e-02
8.324150060148165220e-02
8.333071154840979156e-02
8.342197202973074266e-02
8.351528822362623561e-02
8.361066636422086196e-02
8.370811274099279609e-02
8.380763369816768282e-02
8.390923563409591335e-02
8.401292500061305346e-02
8.411870830238322994e-02
8.422659209622510024e-02
8.433658299042050277e-02
8.444868764400509376e-02
8.456291276604131768e-02
8.467926511487315622e-02
8.479775149736246131e-02
8.491837876810660879e-02
8.504115382863779160e-02
8.516608362660253728e-02
8.529317515492303159e-02
8.542243545093806956e-02
8.555387159552457765e-02
8.568749071219987357e-02
8.582329996620323420e-02
8.596130656355698008e-02
8.610151775010800590e-02
8.624394081054739813e-02
8.638858306741015181e-02
8.653545188005286326e-02
8.668455464361095320e-02
8.683589878793325501e-02
8.698949177649596687e-02
8.714534110529378874e-02
8.730345430170911858e-02
8.746383892335898858e-02
8.762650255691904755e-02
8.779145281692514458e-02
8.795869734455162570e-02
8.812824380636638533e-02
8.830009989306279727e-02
8.847427331816760943e-02
8.865077181672550988e-02
8.882960314395925427e-02
8.901077507390597887e-02
8.919429539802883888e-02
8.938017192380445786e-02
8.956841247328520272e-02
8.975902488163678417e-02
8.995201699565083531e-02
9.014739667223226061e-02
9.034517177686081368e-02
9.054535018202761187e-02
9.074793976564528297e-02
9.095294840943293768e-02
9.116038399727424690e-02
9.137025441355005329e-02
9.158256754144425416e-02
9.179733126122337217e-02
9.201455344849113205e-02
9.223424197240676081e-02
9.245640469389627969e-02
9.268104946381627851e-02
9.290818412110173063e-02
9.313781649088313797e-02
9.336995438257732205e-02
9.360460558795080654e-02
9.384177787915522206e-02
9.408147900673519137e-02
9.432371669760880595e-02
9.456849865302044411e-02
9.481583254646486214e-02
9.506572602158502860e-02
9.531818669004028799e-02
9.557322212934779571e-02
9.583083988069535097e-02
9.609104744672644638e-02
9.635385228929635448e-02
9.661926182720483036e-02
9.688728343389083064e-02
9.715792443510923304e-02
9.743119210657497087e-02
9.770709367157912051e-02
9.798563629857796886e-02
9.826682709875345090e-02
9.855067312354647002e-02
9.883718136216092243e-02
9.912635873904208916e-02
9.941821211132498282e-02
9.971274826625725618e-02
1.000099739185926623e-01
1.003098957079588127e-01
1.006125201961962368e-01
1.009178538646714751e-01
1.012259031115625152e-01
1.015366742491171231e-01
1.018501735008855019e-01
1.021664069989253326e-01
1.024853807809813500e-01
1.028071007876383280e-01
1.031315728594482256e-01
1.034588027340318794e-01
1.037887960431550516e-01
1.041215583097796632e-01
1.044570949450895070e-01
1.047954112454917430e-01
1.051365123895939974e-01
1.054804034351577158e-01
1.058270893160269677e-01
1.061765748390347125e-01
1.065288646808856265e-01
1.068839633850164478e-01
1.072418753584337553e-01
1.076026048685300024e-01
1.079661560398780390e-01
1.083325328510048313e-01
1.087017391311436015e-01
1.090737785569670520e-01
1.094486546492996204e-01
