           0
-0.000163192
-0.000145377
-0.000132171
-0.000148374
-0.000135636
-0.000252231
 -0.00015173
-1.84083e-05
 2.33377e-05
 0.000122481
 0.000134351
 2.96107e-05
  4.0119e-06
-6.74756e-05
-8.77482e-05
-0.000173171
-0.000146133
-5.52643e-05
-7.37884e-05
 6.82053e-05
 0.000170385
 0.000223242
 7.18403e-05
 0.000126666
-6.62355e-05
-1.71191e-05
 5.54289e-05
 0.000197962
 0.000201969
 0.000251642
 0.000441475
 0.000557488
 0.000501444
 0.000469655
 0.000482865
 0.000413573
 0.000272594
  0.00032732
 0.000425867
 0.000398547
 0.000538726
 0.000625585
 0.000781872
 0.000734528
 0.000770589
 0.000643586
 0.000573578
 0.000506707
 0.000562796
  0.00058601
 0.000459135
 0.000361274
 0.000339828
 0.000379508
 0.000484309
 0.000512498
 0.000388665
 0.000345502
 0.000198734
  0.00028713
 0.000231689
 0.000206529
 7.32193e-05
 0.000277713
 0.000261286
 0.000198611
 0.000264244
 0.000317018
 0.000251199
 0.000225466
 0.000233506
 0.000427128
 0.000317779
 0.000516759
 0.000336314
 0.000289461
 0.000103103
 6.74123e-05
-0.000103922
-6.43387e-05
 0.000166793
 0.000275027
 0.000396841
 0.000435704
 0.000566017
 0.000568568
 0.000593249
 0.000629105
 0.000634119
 0.000437057
 0.000378709
 0.000442247
 0.000546151
 0.000547335
   0.0005807
 0.000583377
 0.000643058
 0.000514932
 0.000525089
 0.000360247
 0.000471416
 0.000496006
  0.00045205
   0.0003986
  0.00036496
 0.000323449
  0.00016089
 0.000156442
 4.77407e-05
 2.15407e-05
 -0.00011913
 1.94984e-05
-3.82265e-05
-0.000107519
-5.50151e-05
-6.02277e-05
-0.000178881
-0.000218081
-0.000300749
-0.000382603
-0.000436237
-0.000561969
-0.000378106
-0.000321403
-0.000527018
-0.000700407
-0.000749838
-0.000624423
-0.000858802
-0.000967079
 -0.00102865
 -0.00103452
 -0.00112342
  -0.0013505
 -0.00125526
 -0.00128193
 -0.00116301
 -0.00132332
 -0.00135991
 -0.00114872
 -0.00134285
 -0.00117387
 -0.00109378
  -0.0011645
 -0.00118008
  -0.0012156
 -0.00132116
 -0.00124835
 -0.00123066
 -0.00132763
 -0.00127883
 -0.00122438
 -0.00128462
 -0.00140806
 -0.00141463
 -0.00133346
 -0.00115914
 -0.00137755
 -0.00127032
 -0.00127891
 -0.00139213
 -0.00146357
 -0.00161376
 -0.00153406
  -0.0013959
 -0.00144358
  -0.0012592
 -0.00118911
 -0.00132784
 -0.00120376
 -0.00121629
 -0.00112887
 -0.00100153
 -0.00105544
 -0.00100093
-0.000886125
 -0.00104809
 -0.00118685
 -0.00112317
 -0.00111775
 -0.00130088
 -0.00130448
 -0.00129594
 -0.00115159
 -0.00104489
-0.000935057
 -0.00101552
 -0.00124645
 -0.00125589
 -0.00141854
 -0.00117195
 -0.00123104
 -0.00117437
 -0.00124915
 -0.00133206
 -0.00145647
 -0.00160561
 -0.00163748
 -0.00172525
 -0.00174666
  -0.0016965
  -0.0017244
 -0.00166053
 -0.00159024
 -0.00165349
 -0.00180423
 -0.00196621
 -0.00195059
  -0.0019515
 -0.00184404
 -0.00172267
 -0.00162023
 -0.00156659
 -0.00134766
 -0.00138469
 -0.00143105
 -0.00139991
 -0.00147042
 -0.00144133
 -0.00141785
 -0.00140949
  -0.0014547
 -0.00140122
 -0.00137112
 -0.00145957
 -0.00136806
 -0.00131815
 -0.00129467
 -0.00137221
 -0.00115724
 -0.00118292
 -0.00120241
 -0.00121402
 -0.00131321
  -0.0014014
 -0.00138041
  -0.0017089
 -0.00171182
 -0.00168381
 -0.00158757
 -0.00169983
 -0.00192422
 -0.00179259
 -0.00180037
 -0.00176322
  -0.0017664
 -0.00177986
 -0.00166427
 -0.00180638
 -0.00190816
 -0.00209914
 -0.00195002
 -0.00181262
 -0.00168423
 -0.00175913
 -0.00183314
 -0.00181222
 -0.00190751
 -0.00178597
 -0.00165714
 -0.00161092
 -0.00168249
 -0.00152294
 -0.00139815
 -0.00130269
 -0.00153558
 -0.00153797
 -0.00150014
 -0.00139901
 -0.00147238
 -0.00154214
 -0.00140655
 -0.00138588
 -0.00128362
 -0.00140631
 -0.00137054
 -0.00144316
 -0.00134608
 -0.00143154
 -0.00150222
 -0.00148875
    -0.00149
 -0.00143771
 -0.00150478
 -0.00144365
  -0.0013384
 -0.00144839
 -0.00130595
 -0.00120935
 -0.00124268
 -0.00095794
-0.000844933
-0.000785859
-0.000882211
-0.000736337
-0.000817071
-0.000844402
-0.000801317
-0.000970459
-0.000899951
-0.000789781
-0.000534498
 -0.00066847
-0.000519641
-0.000328091
-0.000479374
 -0.00031325
-0.000290061
-0.000328432
-0.000281647
-0.000161718
-0.000333038
-0.000337061
 -0.00017742
-0.000221587
-0.000251322
 -0.00018862
-0.000189946
-0.000169265
-0.000117552
-7.27259e-05
-5.53802e-05
-9.68462e-05
  1.0995e-05
-3.88339e-05
-9.33326e-05
-0.000163332
-0.000202958
-0.000160529
-0.000145465
-0.000198767
 -0.00023346
-0.000124864
-0.000162056
 5.89917e-05
-0.000176741
-0.000173455
-1.47632e-05
 9.13409e-05
  0.00017532
 9.34162e-05
-4.43462e-05
 1.54424e-05
 4.30972e-05
 5.11706e-05
  9.7562e-05
 2.05396e-05
 4.02074e-05
-9.02871e-05
-0.000171921
 -5.2398e-05
 1.53805e-05
-6.91769e-07
-2.47226e-05
 5.93847e-05
 9.57612e-06
 2.90585e-05
-4.19817e-06
 7.60499e-05
-0.000115256
-8.47849e-05
-8.68147e-05
 5.22931e-05
 -0.00014521
-9.32807e-05
-5.51392e-05
  3.4364e-05
-5.14522e-05
-1.05471e-05
 6.70884e-05
 4.14321e-05
   8.756e-05
  4.7886e-05
  0.00015087
 0.000151992
 0.000211515
 0.000284289
 0.000204858
 0.000394876
 0.000451406
 0.000566686
 0.000717887
 0.000636991
 0.000779321
 0.000611064
 0.000536291
 0.000534179
 0.000513755
 0.000542309
 0.000525407
 0.000393554
 0.000606166
 0.000502111
 0.000531705
 0.000420539
 0.000501509
 0.000495372
 0.000533038
 0.000538246
 0.000606822
  0.00051081
 0.000482902
 0.000439904
 0.000297003
 0.000269741
  0.00029808
 0.000339799
 0.000261937
 0.000317964
 0.000305918
 0.000486456
 0.000270849
 0.000321933
 0.000505192
 0.000598304
 0.000503873
 0.000464533
 0.000371682
  0.00025641
 0.000297882
 0.000218047
 0.000233379
 0.000238883
 0.000406945
 0.000305843
 0.000308275
 0.000398088
  0.00045529
 0.000383063
 0.000399607
 0.000392298
 0.000259671
 0.000162573
 0.000131472
 0.000145109
 0.000226949
  0.00016915
 0.000228884
 0.000243767
 0.000123437
 0.000221321
 0.000339787
 0.000222216
 5.57672e-05
 0.000111842
  2.9821e-05
-6.34588e-05
-8.71408e-05
-6.18827e-06
 8.53481e-05
  0.00011053
 2.16796e-05
 8.03737e-05
 4.39033e-05
 -1.3325e-05
-8.73572e-05
 8.93581e-06
 -0.00010658
 -9.1051e-05
-8.08863e-05
-9.36249e-05
-0.000287648
-0.000338555
-0.000108726
 -0.00012772
-0.000364278
-0.000293284
-0.000275587
-0.000262224
-8.39781e-05
-8.46009e-05
-7.43987e-05
-3.71469e-05
-0.000145911
-0.000111694
-9.40818e-05
-6.50958e-05
 -4.7494e-05
-0.000127247
-0.000145988
-0.000138648
-0.000219721
 1.13902e-06
-0.000157012
-0.000288137
-0.000424157
-0.000578338
 -0.00054544
 -0.00045548
-0.000331802
-0.000448029
 -0.00041878
-0.000304006
-0.000389083
-0.000334383
 -0.00062046
-0.000603048
 -0.00061157
-0.000471419
-0.000277513
-0.000128623
 -3.9883e-05
-7.45837e-05
-0.000134552
-0.000152321
-5.05022e-05
-0.000131384
-0.000136503
-5.67211e-05
  -8.685e-05
 9.69534e-05
 6.80003e-05
 1.51844e-05
-6.87762e-05
 -4.5997e-06
 5.38675e-05
 6.71233e-05
 6.80208e-05
-2.95596e-06
-5.82636e-05
-0.000217154
-0.000279403
-0.000196073
-0.000197929
-0.000133375
-0.000145914
-6.27471e-05
-0.000103851
-0.000107627
-7.62159e-05
 1.69527e-05
-0.000177471
-0.000226215
-0.000231327
-0.000378976
-0.000485131
-0.000594482
-0.000785917
-0.000892708
 -0.00105059
 -0.00102538
 -0.00107854
-0.000957664
-0.000867936
-0.000726286
-0.000575047
-0.000456423
-0.000413672
-0.000353517
-0.000143925
-0.000200577
-0.000256022
-0.000225647
  -0.0001513
-0.000322241
-0.000256501
-0.000138676
-0.000117719
-0.000269802
-0.000231649
-0.000170645
-0.000172055
-0.000234871
-0.000225681
-0.000371005
-0.000443148
-0.000358084
-0.000301039
-0.000470737
-0.000610193
-0.000666961
-0.000684324
-0.000670518
-0.000767337
-0.000735911
-0.000704394
-0.000642545
 -0.00044987
-0.000511735
-0.000486269
-0.000292627
-0.000224131
-0.000180799
-0.000204314
-0.000239966
-0.000237858
-0.000343204
-0.000274015
-0.000482336
-0.000647934
-0.000639329
 -0.00052801
-0.000436909
-0.000496129
-0.000581214
-0.000616425
-0.000848536
-0.000970677
-0.000980748
-0.000990404
 -0.00110772
 -0.00111968
 -0.00107069
 -0.00100457
 -0.00104056
-0.000968538
-0.000888195
-0.000963643
-0.000903347
 -0.00101446
 -0.00114451
 -0.00120593
 -0.00112625
  -0.0012845
 -0.00120197
 -0.00118106
 -0.00132553
 -0.00135406
 -0.00116168
 -0.00111516
 -0.00137934
 -0.00137143
 -0.00138122
 -0.00143145
 -0.00120647
 -0.00107908
 -0.00123472
  -0.0013696
  -0.0013358
 -0.00134429
 -0.00103706
 -0.00107622
-0.000834999
-0.000772614
-0.000645007
-0.000558979
-0.000610414
-0.000558341
-0.000426172
-0.000465175
-0.000306385
-0.000198035
-0.000228722
-0.000251793
-0.000226407
-0.000196036
-8.06671e-05
 0.000111431
 0.000130575
 0.000304008
 0.000383739
 0.000245409
  0.00017713
 0.000307681
 0.000513664
 0.000325171
 0.000376638
 0.000433624
 0.000649109
 0.000760725
 0.000795588
 0.000856612
 0.000720835
 0.000658179
 0.000638313
 0.000718078
 0.000665448
 0.000578732
 0.000568458
 0.000754021
 0.000510583
 0.000613459
 0.000584942
 0.000676579
 0.000671911
 0.000761001
  0.00077517
 0.000784971
 0.000753946
 0.000792718
 0.000660525
 0.000743314
 0.000790246
 0.000694357
  0.00091354
  0.00101519
 0.000852244
  0.00072284
 0.000771521
 0.000852421
 0.000956743
 0.000990843
 0.000922954
 0.000871291
 0.000847729
 0.000747839
 0.000698592
 0.000547003
 0.000394845
 0.000272851
 0.000353036
 0.000364577
 0.000389274
 0.000376578
  0.00050475
 0.000554183
 0.000304746
 0.000285503
  0.00048796
 0.000544353
 0.000614296
 0.000624304
 0.000625275
 0.000671227
 0.000730257
 0.000731903
 0.000707972
 0.000708374
 0.000611089
 0.000506688
  0.00068143
 0.000842778
 0.000728211
 0.000564942
 0.000506175
 0.000458773
  0.00044456
 0.000530351
 0.000630276
 0.000630338
 0.000861884
 0.000758121
 0.000693054
 0.000389653
  0.00048904
 0.000537968
 0.000586506
 0.000666708
 0.000740158
 0.000783676
 0.000847395
 0.000887999
 0.000825741
  0.00086883
 0.000667111
 0.000756977
 0.000780291
 0.000840772
 0.000923889
 0.000997479
  0.00105526
  0.00107392
  0.00107519
 0.000945145
 0.000858364
 0.000888649
 0.000849894
 0.000737854
 0.000705416
 0.000732078
 0.000807625
 0.000935887
 0.000903815
 0.000645691
 0.000514517
 0.000637334
 0.000723608
 0.000573913
 0.000543403
 0.000579124
 0.000657606
 0.000769832
 0.000662873
 0.000592538
 0.000523337
 0.000713988
 0.000604682
  0.00065456
 0.000732246
 0.000770103
 0.000741788
 0.000585447
 0.000451176
 0.000421613
 0.000302447
 0.000235669
 0.000215889
 8.30424e-05
 0.000108938
-6.05785e-05
-8.05588e-05
 5.52256e-06
 4.65126e-05
-5.11782e-06
-2.99936e-05
-0.000185828
-0.000199528
-0.000177087
-0.000249771
-0.000363723
-0.000302858
 -0.00045967
-0.000499776
-0.000422723
-0.000358065
-0.000378573
-0.000281604
-0.000385347
-0.000367777
-0.000530766
-0.000631443
-0.000760383
-0.000787965
 -0.00065924
-0.000784139
-0.000626896
-0.000634108
-0.000690382
-0.000820096
-0.000944031
 -0.00109733
 -0.00101088
 -0.00111165
 -0.00101603
 -0.00117795
 -0.00123224
 -0.00119812
 -0.00107484
 -0.00111967
 -0.00123447
 -0.00124454
 -0.00135736
    -0.00138
 -0.00123314
 -0.00125792
 -0.00128028
 -0.00113163
 -0.00115915
 -0.00130065
 -0.00139126
 -0.00129313
 -0.00133841
  -0.0013365
 -0.00149779
 -0.00136016
 -0.00128647
 -0.00132762
 -0.00119935
 -0.00117371
 -0.00112355
   -0.001156
 -0.00121329
 -0.00119526
 -0.00115829
  -0.0012522
 -0.00104396
 -0.00113737
 -0.00106377
  -0.0010927
 -0.00110209
 -0.00113245
 -0.00122061
 -0.00113768
 -0.00112292
 -0.00100094
-0.000941768
-0.000822638
-0.000942337
-0.000867211
 -0.00093292
-0.000767946
 -0.00073508
-0.000481517
-0.000292398
-0.000350315
-0.000409656
-0.000429499
-0.000335078
-0.000463392
 -0.00060491
-0.000627094
-0.000619565
-0.000656684
 -0.00044315
-0.000654687
-0.000698917
-0.000582211
-0.000578022
-0.000558571
-0.000712204
-0.000730411
-0.000686419
-0.000633067
-0.000611547
-0.000777936
-0.000639613
 -0.00063172
-0.000684876
-0.000625424
-0.000749011
 -0.00067287
-0.000637321
-0.000650079
-0.000650454
 -0.00071289
-0.000789951
-0.000794147
-0.000817889
-0.000581737
-0.000626399
-0.000754314
 -0.00065444
-0.000740196
-0.000990823
-0.000911264
 -0.00105255
 -0.00106339
 -0.00092868
 -0.00085511
 -0.00100443
-0.000992716
-0.000934787
 -0.00095098
-0.000968435
 -0.00102351
  -0.0010554
-0.000984745
 -0.00109093
-0.000932366
-0.000960762
 -0.00105516
 -0.00105593
 -0.00111518
 -0.00113964
 -0.00119821
  -0.0010583
 -0.00100011
-0.000825458
  -0.0007942
-0.000916717
-0.000995856
-0.000955636
 -0.00107874
 -0.00112436
 -0.00109647
 -0.00125478
  -0.0013634
 -0.00129978
 -0.00130556
 -0.00124093
 -0.00125896
 -0.00135807
 -0.00128401
 -0.00150617
 -0.00166789
 -0.00176015
 -0.00159624
 -0.00161358
 -0.00152479
 -0.00173143
 -0.00166992
 -0.00167676
 -0.00171432
 -0.00179838
 -0.00183625
 -0.00182865
 -0.00181455
 -0.00191139
 -0.00188464
 -0.00197818
 -0.00192763
 -0.00204173
 -0.00207632
 -0.00212435
 -0.00209177
 -0.00190103
 -0.00204925
 -0.00218757
 -0.00225671
 -0.00220974
 -0.00224482
  -0.0021596
 -0.00220288
 -0.00232239
  -0.0024098
 -0.00239937
 -0.00250678
 -0.00244362
 -0.00237217
 -0.00235539
 -0.00232753
 -0.00237914
 -0.00255437
  -0.0024911
 -0.00248541
 -0.00253587
 -0.00235993
 -0.00246298
  -0.0025846
 -0.00266539
 -0.00282179
 -0.00278733
 -0.00258141
 -0.00262893
 -0.00264549
 -0.00264697
 -0.00272671
 -0.00261637
 -0.00262231
  -0.0027099
 -0.00285099
 -0.00298634
 -0.00293709
 -0.00300645
 -0.00304248
 -0.00305125
  -0.0030406
 -0.00286258
 -0.00276483
 -0.00278186
 -0.00282673
 -0.00272736
 -0.00284305
 -0.00279061
 -0.00269117
  -0.0026685
 -0.00283793
  -0.0029597
 -0.00300627
 -0.00314879
 -0.00342803
 -0.00338125
 -0.00342046
 -0.00346412
 -0.00354459
 -0.00359146
 -0.00346077
 -0.00335893
 -0.00342431
 -0.00350561
 -0.00341526
 -0.00330452
 -0.00350918
 -0.00336673
 -0.00346207
 -0.00338541
 -0.00332844
 -0.00328351
 -0.00320453
 -0.00312377
 -0.00316819
 -0.00308208
 -0.00318834
 -0.00348287
 -0.00343056
   -0.003541
 -0.00357513
 -0.00354935
 -0.00349579
 -0.00353019
 -0.00354584
 -0.00352141
 -0.00355198
  -0.0036673
 -0.00339884
 -0.00362915
 -0.00367383
 -0.00357785
 -0.00355489
 -0.00344999
 -0.00349407
 -0.00371625
 -0.00379453
 -0.00389411
 -0.00391638
 -0.00387695
 -0.00392872
 -0.00393072
 -0.00386777
 -0.00395627
  -0.0037986
 -0.00369067
  -0.0037206
 -0.00374702
 -0.00355631
 -0.00350897
  -0.0036214
  -0.0037008
 -0.00358122
 -0.00340776
 -0.00346804
 -0.00336765
 -0.00352084
 -0.00338539
 -0.00359337
 -0.00368732
  -0.0036289
 -0.00362382
 -0.00363783
 -0.00344214
 -0.00333104
 -0.00330475
 -0.00324228
 -0.00335798
 -0.00337938
 -0.00314842
 -0.00327808
  -0.0033486
 -0.00339049
 -0.00343249
 -0.00338159
 -0.00333589
 -0.00340539
 -0.00318753
 -0.00332772
 -0.00315793
 -0.00298807
 -0.00302728
 -0.00305425
 -0.00299725
 -0.00312676
 -0.00329554
 -0.00337497
 -0.00343434
 -0.00355931
 -0.00322463
 -0.00326913
 -0.00313563
 -0.00314539
 -0.00316386
 -0.00314635
 -0.00323527
 -0.00313006
  -0.0032196
 -0.00315092
 -0.00325113
 -0.00331673
 -0.00334451
 -0.00335884
 -0.00342294
 -0.00345402
 -0.00342185
 -0.00339438
 -0.00352677
 -0.00363954
 -0.00369322
 -0.00360821
 -0.00363768
 -0.00370607
 -0.00376914
  -0.0037062
 -0.00356273
 -0.00346648
 -0.00352862
 -0.00363055
  -0.0035638
 -0.00344846
  -0.0034437
 -0.00338653
 -0.00327751
 -0.00322298
 -0.00325495
 -0.00314419
 -0.00313544
 -0.00305943
 -0.00304157
 -0.00308908
 -0.00290621
 -0.00275899
 -0.00271798
 -0.00256103
 -0.00263786
 -0.00268698
 -0.00271257
 -0.00283833
  -0.0028843
 -0.00300474
 -0.00296867
 -0.00291309
 -0.00293546
 -0.00295632
 -0.00314586
 -0.00323114
 -0.00333923
 -0.00341124
  -0.0032988
 -0.00346437
 -0.00352558
 -0.00357716
 -0.00364884
 -0.00356981
 -0.00369368
 -0.00373008
  -0.0037084
 -0.00374903
 -0.00367021
 -0.00368148
 -0.00385651
 -0.00386673
  -0.0040246
 -0.00403285
 -0.00403023
 -0.00411495
 -0.00421084
 -0.00412782
 -0.00397835
 -0.00405159
 -0.00404949
 -0.00417075
  -0.0042062
 -0.00437372
 -0.00443965
 -0.00438596
 -0.00437844
 -0.00434037
 -0.00442859
 -0.00434668
 -0.00425612
 -0.00425877
 -0.00427396
  -0.0043578
 -0.00439181
 -0.00438245
 -0.00441135
 -0.00440838
 -0.00434752
 -0.00427136
 -0.00426795
 -0.00411434
 -0.00398014
 -0.00403042
 -0.00410852
 -0.00405734
 -0.00421677
 -0.00430225
 -0.00420398
 -0.00406632
 -0.00406589
 -0.00415551
  -0.0042353
 -0.00422222
 -0.00432184
 -0.00416572
 -0.00443141
 -0.00438636
 -0.00423629
  -0.0043754
 -0.00432564
 -0.00435144
 -0.00435345
 -0.00448993
 -0.00438357
 -0.00451898
 -0.00450715
 -0.00448386
 -0.00456107
  -0.0045357
 -0.00447847
 -0.00443417
 -0.00442923
 -0.00447738
 -0.00441568
 -0.00448555
 -0.00462802
 -0.00470094
 -0.00480945
 -0.00471075
 -0.00475759
 -0.00451216
 -0.00453653
 -0.00462896
 -0.00473328
 -0.00481966
 -0.00489314
  -0.0050663
 -0.00490145
 -0.00492492
 -0.00509227
 -0.00517618
 -0.00499224
 -0.00501115
 -0.00497846
 -0.00488084
 -0.00494591
 -0.00481992
 -0.00499531
 -0.00507013
 -0.00502551
 -0.00504515
 -0.00513278
 -0.00496638
   -0.004861
  -0.0047244
 -0.00467143
 -0.00476926
 -0.00470736
 -0.00464703
 -0.00458327
 -0.00463663
 -0.00457856
 -0.00444264
 -0.00455177
 -0.00455398
 -0.00456137
  -0.0046646
 -0.00466324
 -0.00458905
  -0.0047267
 -0.00484921
 -0.00470206
 -0.00475465
 -0.00481231
  -0.0049164
 -0.00475345
 -0.00492048
 -0.00505627
 -0.00495463
 -0.00485003
 -0.00482605
 -0.00499956
 -0.00497405
 -0.00480699
 -0.00452446
 -0.00455495
 -0.00462002
 -0.00476503
 -0.00482552
 -0.00477768
 -0.00472878
 -0.00471405
 -0.00486151
  -0.0048859
 -0.00490051
 -0.00494595
 -0.00498048
 -0.00498953
 -0.00493316
 -0.00487619
 -0.00503299
 -0.00506704
 -0.00510327
 -0.00502503
 -0.00512977
 -0.00517307
   -0.005302
 -0.00528786
 -0.00531739
 -0.00544459
 -0.00541662
 -0.00558233
 -0.00548573
 -0.00551262
 -0.00550986
 -0.00541872
  -0.0055565
 -0.00552803
 -0.00556321
 -0.00553111
 -0.00540179
 -0.00548851
 -0.00541601
 -0.00550361
 -0.00541558
  -0.0054723
 -0.00537995
 -0.00536201
  -0.0052617
 -0.00517246
 -0.00504002
 -0.00498437
 -0.00494189
 -0.00486956
 -0.00499566
 -0.00488454
 -0.00480773
 -0.00474761
 -0.00496947
 -0.00503475
 -0.00525126
 -0.00529502
 -0.00523343
 -0.00519176
 -0.00510262
  -0.0048918
 -0.00488828
 -0.00480938
 -0.00476322
 -0.00469648
 -0.00473268
 -0.00464482
 -0.00464544
 -0.00465185
 -0.00459975
  -0.0044486
 -0.00435756
 -0.00431111
 -0.00423551
 -0.00417832
 -0.00438175
 -0.00423088
 -0.00428438
 -0.00428306
 -0.00445016
 -0.00450769
 -0.00457912
 -0.00458705
 -0.00460074
  -0.0045532
 -0.00457434
 -0.00455083
 -0.00447554
 -0.00439969
 -0.00443819
 -0.00446206
  -0.0044828
 -0.00447317
 -0.00450208
  -0.0046306
 -0.00458087
 -0.00446798
 -0.00451664
    -0.00455
 -0.00445998
 -0.00445874
 -0.00423307
 -0.00417109
  -0.0041145
  -0.0041575
 -0.00407202
 -0.00419539
 -0.00419881
 -0.00417197
  -0.0042193
 -0.00431454
 -0.00429471
 -0.00432778
 -0.00428577
 -0.00446727
 -0.00448603
 -0.00434369
 -0.00430902
 -0.00446401
 -0.00441427
 -0.00419583
 -0.00426984
 -0.00425521
 -0.00411593
 -0.00402741
 -0.00408262
 -0.00392747
 -0.00393453
 -0.00376352
 -0.00380124
  -0.0037662
 -0.00385399
 -0.00386183
 -0.00389453
 -0.00410847
 -0.00402559
 -0.00397029
 -0.00389301
 -0.00381749
 -0.00379412
 -0.00388422
 -0.00391236
 -0.00380601
 -0.00377362
  -0.0036472
 -0.00361938
 -0.00354268
 -0.00348704
 -0.00328668
  -0.0033933
 -0.00346755
 -0.00345308
   -0.003256
 -0.00325486
 -0.00325161
 -0.00323711
 -0.00335084
 -0.00325661
 -0.00325461
 -0.00331929
 -0.00327856
 -0.00321729
 -0.00313404
 -0.00312193
 -0.00305314
 -0.00305238
 -0.00302948
 -0.00314425
 -0.00313961
 -0.00324491
 -0.00332899
 -0.00339353
 -0.00343602
 -0.00349072
 -0.00352377
 -0.00344441
 -0.00327647
 -0.00322522
 -0.00322551
  -0.0032186
 -0.00326432
 -0.00326068
 -0.00321354
 -0.00319965
 -0.00319262
 -0.00322125
 -0.00311115
 -0.00305069
 -0.00317545
 -0.00318254
 -0.00317843
 -0.00315452
 -0.00322371
 -0.00330394
 -0.00332213
 -0.00340081
 -0.00344223
 -0.00342432
 -0.00350842
 -0.00357906
 -0.00377529
 -0.00376362
 -0.00369508
 -0.00372242
 -0.00377518
 -0.00370374
 -0.00371138
 -0.00359634
 -0.00345168
 -0.00319797
 -0.00335483
 -0.00330661
  -0.0032013
 -0.00331329
 -0.00339059
 -0.00335685
 -0.00345896
 -0.00338527
  -0.0033277
 -0.00326973
  -0.0030953
 -0.00300067
 -0.00311451
 -0.00316593
 -0.00300694
 -0.00292923
 -0.00288584
 -0.00293423
 -0.00290872
 -0.00295704
 -0.00295454
 -0.00302763
 -0.00301062
  -0.0030718
 -0.00305493
 -0.00281126
 -0.00278226
 -0.00278684
 -0.00291974
  -0.0029315
 -0.00305321
 -0.00320504
 -0.00333757
 -0.00331642
  -0.0032134
 -0.00316296
 -0.00314257
 -0.00312305
 -0.00310786
 -0.00295119
 -0.00304346
 -0.00303076
 -0.00317585
 -0.00326009
 -0.00323526
 -0.00300175
 -0.00291034
 -0.00294451
 -0.00297862
 -0.00296455
 -0.00313059
 -0.00332214
 -0.00329233
  -0.0033359
  -0.0032121
 -0.00336605
 -0.00333071
 -0.00333069
 -0.00334476
 -0.00344697
 -0.00344795
 -0.00364751
 -0.00363129
 -0.00373909
 -0.00368474
 -0.00354966
 -0.00346246
 -0.00354577
   -0.003502
 -0.00342642
 -0.00334212
 -0.00331092
 -0.00342725
 -0.00357729
 -0.00366264
 -0.00365824
 -0.00379824
 -0.00379285
 -0.00369651
 -0.00374316
 -0.00396361
 -0.00406832
 -0.00398103
 -0.00392875
 -0.00402284
 -0.00405898
  -0.0040197
  -0.0040145
 -0.00395712
 -0.00396045
 -0.00394605
 -0.00385407
 -0.00398854
 -0.00389634
 -0.00402882
 -0.00395773
 -0.00381202
 -0.00396617
 -0.00394023
 -0.00416742
 -0.00421764
 -0.00424565
 -0.00425958
 -0.00440849
 -0.00429227
 -0.00430698
 -0.00435855
 -0.00424461
 -0.00420751
 -0.00409709
 -0.00416436
 -0.00403047
 -0.00400226
 -0.00403117
  -0.0039697
 -0.00416333
 -0.00426781
 -0.00440903
 -0.00445474
 -0.00452026
 -0.00463776
 -0.00463708
 -0.00456763
 -0.00471653
 -0.00466393
 -0.00472108
 -0.00448464
 -0.00448558
 -0.00459571
 -0.00472362
 -0.00465807
 -0.00478045
 -0.00477546
 -0.00485223
 -0.00473031
 -0.00476931
 -0.00462811
 -0.00471374
 -0.00482365
 -0.00483531
 -0.00483167
 -0.00466092
 -0.00466793
 -0.00451538
 -0.00445283
 -0.00463609
 -0.00462293
 -0.00446391
 -0.00441921
 -0.00440118
 -0.00432536
 -0.00431455
 -0.00434122
 -0.00412218
  -0.0042856
 -0.00431798
 -0.00422952
 -0.00427177
 -0.00421059
 -0.00419769
 -0.00417307
 -0.00405292
 -0.00386515
 -0.00383103
 -0.00383107
 -0.00388924
 -0.00393187
 -0.00390452
 -0.00392054
 -0.00398872
 -0.00400296
 -0.00367845
 -0.00359339
 -0.00337955
 -0.00330691
 -0.00339005
 -0.00348565
 -0.00356042
  -0.0035524
 -0.00360227
 -0.00374739
  -0.0037633
 -0.00385448
 -0.00388046
 -0.00388973
 -0.00386977
 -0.00383814
  -0.0036286
 -0.00375136
 -0.00389436
 -0.00381409
 -0.00379194
 -0.00386707
 -0.00390906
 -0.00407637
 -0.00411335
 -0.00424781
 -0.00424913
 -0.00442099
 -0.00437276
 -0.00436746
 -0.00422368
 -0.00422124
 -0.00430345
 -0.00422547
 -0.00410201
 -0.00394338
 -0.00383471
 -0.00382179
 -0.00371147
 -0.00375505
 -0.00384054
  -0.0038678
 -0.00390524
 -0.00399703
  -0.0038911
 -0.00382323
  -0.0038354
 -0.00392686
 -0.00390445
 -0.00391205
 -0.00370086
 -0.00397892
 -0.00393482
 -0.00394076
 -0.00398757
 -0.00391232
 -0.00394909
 -0.00395017
 -0.00412557
 -0.00403812
 -0.00397423
 -0.00403262
 -0.00410029
 -0.00411529
 -0.00405946
 -0.00415319
 -0.00413873
 -0.00425301
 -0.00402156
 -0.00401558
 -0.00412211
 -0.00416022
 -0.00414761
 -0.00407186
 -0.00405201
 -0.00415425
 -0.00414388
  -0.0041933
 -0.00422745
 -0.00437637
 -0.00438871
 -0.00450051
 -0.00435918
 -0.00431573
 -0.00438038
 -0.00439935
 -0.00433971
  -0.0042665
 -0.00449322
 -0.00457108
 -0.00457358
 -0.00466717
 -0.00479826
 -0.00478142
 -0.00477429
 -0.00486319
 -0.00487786
  -0.0049226
 -0.00495482
 -0.00502464
 -0.00496796
 -0.00508331
 -0.00483599
 -0.00481959
 -0.00500859
 -0.00511811
 -0.00506534
   -0.005177
 -0.00519754
 -0.00537233
 -0.00557278
 -0.00555117
 -0.00557462
 -0.00566259
  -0.0054951
 -0.00551773
 -0.00554208
 -0.00561101
 -0.00569457
 -0.00561911
 -0.00565088
 -0.00569798
 -0.00576683
 -0.00569098
 -0.00571143
  -0.0057817
 -0.00583992
 -0.00582713
 -0.00584562
 -0.00589856
 -0.00585289
 -0.00583645
 -0.00591984
 -0.00590729
  -0.0059073
 -0.00591691
 -0.00591384
 -0.00576045
 -0.00574817
 -0.00574606
 -0.00574749
 -0.00579611
 -0.00595429
 -0.00601698
 -0.00618155
 -0.00615911
 -0.00606078
 -0.00605386
 -0.00616913
 -0.00627662
 -0.00640439
 -0.00642809
 -0.00639436
 -0.00644679
 -0.00653857
 -0.00663996
 -0.00668812
  -0.0066534
 -0.00649619
 -0.00647226
 -0.00642996
 -0.00675554
 -0.00677372
 -0.00690082
 -0.00677668
 -0.00687876
  -0.0068728
 -0.00694341
 -0.00709679
 -0.00694368
 -0.00680781
 -0.00686571
 -0.00688101
  -0.0067679
  -0.0068335
 -0.00684493
 -0.00676844
 -0.00664867
 -0.00656063
 -0.00666623
 -0.00656605
 -0.00652403
 -0.00656697
 -0.00656379
 -0.00658234
 -0.00660563
 -0.00653283
 -0.00648016
 -0.00644799
  -0.0062759
 -0.00629778
 -0.00648475
 -0.00636579
  -0.0063187
 -0.00636943
 -0.00628117
 -0.00607592
 -0.00608971
 -0.00611561
 -0.00607138
 -0.00622472
 -0.00617152
 -0.00604899
 -0.00612651
 -0.00624818
 -0.00610024
 -0.00603008
 -0.00592218
  -0.0059498
   -0.005818
 -0.00573015
 -0.00569396
 -0.00558534
 -0.00545276
 -0.00535287
 -0.00545859
 -0.00537783
 -0.00540677
 -0.00549761
 -0.00555294
  -0.0055925
  -0.0054949
 -0.00572028
 -0.00570728
 -0.00586335
 -0.00600543
 -0.00605889
 -0.00591717
  -0.0059861
 -0.00618791
 -0.00616982
 -0.00625794
 -0.00622001
 -0.00614824
 -0.00605596
 -0.00612335
   -0.006203
 -0.00606356
 -0.00600208
 -0.00598324
 -0.00613954
 -0.00607555
 -0.00603467
 -0.00599808
  -0.0060095
 -0.00602022
 -0.00610082
 -0.00614055
 -0.00607778
  -0.0059315
 -0.00607631
 -0.00606223
 -0.00602624
  -0.0061148
 -0.00590671
 -0.00581568
 -0.00581929
 -0.00591838
 -0.00610259
 -0.00596551
 -0.00618107
 -0.00638653
 -0.00656866
  -0.0066297
 -0.00669256
 -0.00667358
 -0.00660933
 -0.00661684
 -0.00664293
 -0.00667293
 -0.00673307
  -0.0068416
 -0.00681855
 -0.00670245
 -0.00665032
  -0.0066328
 -0.00651326
 -0.00647266
 -0.00657239
 -0.00657721
 -0.00655259
 -0.00655885
 -0.00672107
 -0.00677575
 -0.00687262
 -0.00680452
 -0.00675871
 -0.00659746
 -0.00651181
 -0.00653684
 -0.00636036
 -0.00645578
 -0.00643707
 -0.00658996
 -0.00642143
 -0.00634962
 -0.00645382
 -0.00638662
 -0.00652728
 -0.00647271
 -0.00665503
 -0.00658528
   -0.006819
 -0.00673366
 -0.00664626
 -0.00684587
 -0.00683125
 -0.00685422
 -0.00692153
 -0.00691755
 -0.00665749
 -0.00675898
  -0.0066777
  -0.0067852
 -0.00675954
 -0.00669434
  -0.0065695
 -0.00665531
 -0.00662464
 -0.00666144
 -0.00674885
 -0.00664007
 -0.00664244
 -0.00659357
  -0.0066376
 -0.00663685
 -0.00658177
 -0.00652201
 -0.00665519
 -0.00665158
 -0.00658163
 -0.00660059
 -0.00668162
 -0.00654172
 -0.00674684
 -0.00682322
  -0.0067991
 -0.00697173
 -0.00698138
 -0.00691867
  -0.0069787
 -0.00714063
 -0.00697366
 -0.00704472
 -0.00706298
 -0.00699446
 -0.00711149
 -0.00719694
 -0.00723345
 -0.00728097
 -0.00721887
 -0.00728625
 -0.00734166
 -0.00732881
 -0.00744049
 -0.00735173
 -0.00731238
 -0.00750373
 -0.00747232
 -0.00760201
 -0.00757437
 -0.00774825
 -0.00788375
 -0.00768354
 -0.00766662
 -0.00752296
 -0.00741752
 -0.00754825
  -0.0074958
 -0.00729394
 -0.00730201
  -0.0072903
 -0.00730284
  -0.0075415
 -0.00750675
 -0.00754242
 -0.00739292
 -0.00743571
 -0.00733157
 -0.00744144
 -0.00744816
 -0.00748018
 -0.00736467
 -0.00731912
  -0.0073718
 -0.00731056
 -0.00744147
 -0.00739609
 -0.00746256
 -0.00755193
 -0.00756276
 -0.00756794
 -0.00760967
 -0.00781148
 -0.00774231
 -0.00770275
 -0.00769351
 -0.00774543
 -0.00750522
 -0.00736115
 -0.00740655
 -0.00739456
 -0.00733519
 -0.00730057
 -0.00706337
 -0.00711134
 -0.00703647
 -0.00702742
 -0.00682823
 -0.00662621
 -0.00668047
 -0.00662243
 -0.00659656
 -0.00651928
 -0.00633378
 -0.00635403
 -0.00635199
 -0.00640883
 -0.00636353
 -0.00639776
 -0.00628841
 -0.00630496
 -0.00634543
 -0.00637471
 -0.00645773
 -0.00657733
 -0.00649234
 -0.00648714
 -0.00650187
 -0.00666269
 -0.00654304
 -0.00665942
 -0.00670558
 -0.00664936
 -0.00666527
 -0.00684128
  -0.0068333
  -0.0066378
 -0.00659279
 -0.00651604
 -0.00644102
 -0.00646133
 -0.00647278
 -0.00657356
 -0.00647114
 -0.00643662
 -0.00637079
 -0.00646065
 -0.00656911
 -0.00675317
 -0.00665057
 -0.00657593
 -0.00678071
 -0.00674062
 -0.00657908
 -0.00653735
 -0.00626338
 -0.00629877
 -0.00635402
  -0.0063052
 -0.00643288
 -0.00643316
  -0.0066055
 -0.00665596
 -0.00661631
 -0.00664723
 -0.00668926
 -0.00667106
 -0.00666928
 -0.00657173
 -0.00659365
 -0.00663162
 -0.00665248
 -0.00662609
 -0.00640656
 -0.00636287
 -0.00646864
 -0.00652552
 -0.00649495
  -0.0064179
 -0.00656887
 -0.00679535
 -0.00673339
 -0.00667676
 -0.00671776
 -0.00685958
 -0.00684683
 -0.00690945
  -0.0069017
 -0.00693746
 -0.00710005
 -0.00700175
 -0.00697099
 -0.00682705
 -0.00667005
 -0.00681722
 -0.00677167
  -0.0069094
 -0.00689324
 -0.00673249
 -0.00676614
 -0.00676921
 -0.00692146
 -0.00693537
 -0.00703961
 -0.00698846
 -0.00686664
 -0.00676056
 -0.00658432
 -0.00671077
 -0.00670961
 -0.00680487
 -0.00666179
 -0.00656677
  -0.0065702
 -0.00647609
 -0.00648259
 -0.00646073
 -0.00649724
 -0.00676051
  -0.0066863
 -0.00648637
 -0.00641569
 -0.00647395
 -0.00637576
 -0.00629072
 -0.00615651
 -0.00630119
 -0.00615401
 -0.00608696
 -0.00595597
 -0.00601816
 -0.00591838
 -0.00600011
 -0.00606769
 -0.00593505
 -0.00589645
 -0.00596757
 -0.00620341
 -0.00626037
 -0.00629445
 -0.00620211
 -0.00610195
 -0.00628034
 -0.00620928
 -0.00621434
 -0.00629295
 -0.00643858
 -0.00643093
 -0.00658371
 -0.00668476
 -0.00678042
 -0.00678229
 -0.00675097
 -0.00677352
 -0.00658576
 -0.00658322
 -0.00647998
 -0.00647927
 -0.00644271
 -0.00639755
 -0.00637925
 -0.00634219
 -0.00646508
 -0.00639914
 -0.00638793
 -0.00651972
 -0.00659656
 -0.00665669
 -0.00648925
  -0.0064624
 -0.00646907
 -0.00663817
 -0.00668077
 -0.00679667
 -0.00660385
 -0.00654888
 -0.00659934
 -0.00652451
 -0.00677814
 -0.00678746
 -0.00671672
 -0.00660566
 -0.00666362
 -0.00692464
  -0.0069448
 -0.00693551
 -0.00684031
 -0.00685208
   -0.006723
 -0.00660899
  -0.0066815
 -0.00665528
 -0.00665408
 -0.00680323
 -0.00684048
 -0.00679134
 -0.00668915
 -0.00672247
 -0.00662116
 -0.00668666
 -0.00659333
 -0.00648379
 -0.00654661
 -0.00648615
 -0.00645631
 -0.00648189
   -0.006454
 -0.00641524
 -0.00629124
 -0.00633616
 -0.00626578
 -0.00620938
 -0.00606398
 -0.00605666
 -0.00605485
 -0.00597838
 -0.00589402
 -0.00594312
  -0.0057846
 -0.00566714
 -0.00547238
 -0.00567138
 -0.00566567
 -0.00577938
 -0.00584467
 -0.00578405
 -0.00569304
 -0.00576975
 -0.00577645
 -0.00587691
 -0.00590309
 -0.00596115
 -0.00590919
 -0.00580105
 -0.00580895
 -0.00571598
 -0.00558622
 -0.00581124
 -0.00583151
 -0.00565568
 -0.00548172
 -0.00544973
 -0.00550941
 -0.00550463
 -0.00546379
 -0.00549807
 -0.00549118
 -0.00565359
  -0.0053631
 -0.00544333
 -0.00519779
 -0.00519178
 -0.00501801
 -0.00485047
 -0.00482359
 -0.00474645
 -0.00459505
 -0.00455137
  -0.0046081
 -0.00473081
 -0.00477473
 -0.00464845
 -0.00455449
 -0.00458594
 -0.00463663
 -0.00481908
 -0.00479123
 -0.00467416
 -0.00444365
 -0.00432555
 -0.00433595
  -0.0043157
  -0.0043563
 -0.00429208
 -0.00434507
 -0.00427584
 -0.00429277
 -0.00441233
 -0.00416193
 -0.00408022
 -0.00402641
 -0.00385902
 -0.00374047
 -0.00410138
 -0.00404711
 -0.00411352
 -0.00410127
 -0.00405584
 -0.00406514
 -0.00403163
 -0.00407072
 -0.00406359
  -0.0041142
 -0.00421175
  -0.0041963
 -0.00421352
 -0.00421473
 -0.00421338
 -0.00414503
 -0.00408503
 -0.00407723
 -0.00411478
 -0.00413574
 -0.00402236
  -0.0039021
 -0.00392228
 -0.00376055
 -0.00383138
 -0.00375883
 -0.00376913
 -0.00355906
 -0.00362467
 -0.00362183
 -0.00342945
 -0.00324324
  -0.0032511
 -0.00310199
 -0.00300783
 -0.00282827
 -0.00277884
 -0.00249356
 -0.00253767
 -0.00257897
 -0.00260383
 -0.00272453
 -0.00278518
 -0.00277542
 -0.00274917
 -0.00261212
 -0.00258782
 -0.00250622
 -0.00243186
  -0.0022353
 -0.00229414
 -0.00236301
 -0.00215038
 -0.00215653
  -0.0022082
  -0.0020261
 -0.00195964
 -0.00209825
 -0.00191811
 -0.00167786
 -0.00160487
 -0.00158034
 -0.00162579
 -0.00155598
 -0.00137355
 -0.00154571
  -0.0016869
 -0.00141265
 -0.00136316
 -0.00134751
 -0.00140206
 -0.00145982
 -0.00156229
 -0.00162708
 -0.00160137
 -0.00173525
 -0.00170498
 -0.00168117
 -0.00175334
 -0.00195767
 -0.00190097
 -0.00201936
 -0.00204596
 -0.00198342
 -0.00209208
 -0.00220693
 -0.00221831
 -0.00224958
 -0.00207601
 -0.00211905
 -0.00204935
 -0.00204253
 -0.00200466
 -0.00191907
 -0.00192238
 -0.00191534
 -0.00191332
 -0.00180047
 -0.00181579
 -0.00184618
 -0.00178734
  -0.0018505
 -0.00187341
 -0.00195023
 -0.00193841
 -0.00204535
 -0.00217384
 -0.00220173
 -0.00234463
 -0.00231822
 -0.00225699
  -0.0022083
 -0.00238321
 -0.00227874
 -0.00237858
  -0.0022963
 -0.00215642
 -0.00220999
 -0.00230685
 -0.00228928
 -0.00249217
  -0.0024538
 -0.00245849
 -0.00240713
 -0.00233087
 -0.00236123
  -0.0024345
 -0.00246804
 -0.00243846
 -0.00235609
 -0.00236638
  -0.0023069
 -0.00228846
 -0.00208139
 -0.00201734
 -0.00187815
 -0.00199967
 -0.00191745
 -0.00203681
 -0.00219051
 -0.00207694
  -0.0021852
 -0.00206594
  -0.0019976
 -0.00163876
 -0.00167135
 -0.00162051
 -0.00157658
  -0.0014725
  -0.0015636
 -0.00167894
 -0.00152609
 -0.00150744
 -0.00157094
 -0.00142856
 -0.00146256
 -0.00152678
 -0.00142708
 -0.00140098
 -0.00145183
 -0.00151554
 -0.00153772
 -0.00173496
 -0.00188976
 -0.00187484
 -0.00199257
 -0.00200932
 -0.00187284
 -0.00188339
 -0.00183897
 -0.00183147
 -0.00191544
 -0.00192464
 -0.00194672
  -0.0020695
 -0.00208287
 -0.00201327
 -0.00211417
 -0.00224136
  -0.0023047
 -0.00222268
 -0.00210307
 -0.00220178
 -0.00237731
 -0.00233098
 -0.00221226
 -0.00207437
 -0.00188325
  -0.0020012
 -0.00194721
 -0.00207764
 -0.00215752
 -0.00197797
 -0.00202221
 -0.00217891
 -0.00226784
 -0.00223632
 -0.00227057
 -0.00226921
 -0.00218345
 -0.00216707
 -0.00207437
 -0.00209627
 -0.00206495
 -0.00203053
 -0.00206605
 -0.00215625
 -0.00239191
 -0.00243399
 -0.00239769
 -0.00223818
 -0.00238311
 -0.00256813
 -0.00260693
 -0.00247348
  -0.0022394
 -0.00224419
 -0.00223271
  -0.0021724
 -0.00214179
 -0.00215332
 -0.00220118
 -0.00230258
 -0.00245487
 -0.00248595
 -0.00247495
 -0.00262161
 -0.00268918
 -0.00261468
 -0.00253665
 -0.00253941
 -0.00254187
 -0.00245394
 -0.00232762
 -0.00221409
 -0.00213752
 -0.00231558
 -0.00213566
 -0.00197202
 -0.00200301
 -0.00190781
 -0.00176785
 -0.00162468
 -0.00171704
 -0.00163611
 -0.00165812
 -0.00173819
 -0.00175122
  -0.0017023
 -0.00161361
 -0.00167721
 -0.00188566
  -0.0018259
 -0.00180435
 -0.00187062
 -0.00193177
 -0.00192858
 -0.00195406
 -0.00186409
 -0.00173608
 -0.00151394
 -0.00159483
 -0.00168669
 -0.00171505
 -0.00156166
 -0.00151001
 -0.00160465
 -0.00161873
 -0.00153967
   -0.001758
  -0.0018283
 -0.00180409
 -0.00188372
 -0.00183539
  -0.0017678
 -0.00195166
 -0.00196419
 -0.00203571
 -0.00214332
 -0.00213789
 -0.00226339
 -0.00220318
 -0.00205432
 -0.00198963
 -0.00212772
 -0.00234449
  -0.0021851
 -0.00226851
 -0.00221853
 -0.00212522
 -0.00225375
 -0.00224531
 -0.00225523
 -0.00215817
 -0.00212915
 -0.00216943
 -0.00222497
 -0.00215317
 -0.00212587
 -0.00205299
 -0.00205753
 -0.00221786
 -0.00227409
 -0.00225018
 -0.00223809
 -0.00232951
 -0.00235823
 -0.00235916
 -0.00233854
 -0.00239346
 -0.00231301
 -0.00233456
 -0.00239493
 -0.00237776
 -0.00225331
 -0.00223843
 -0.00215951
  -0.0021279
 -0.00205197
   -0.002142
 -0.00226533
 -0.00224467
 -0.00225507
 -0.00237663
 -0.00235306
 -0.00230934
 -0.00244409
 -0.00253115
 -0.00258377
  -0.0024173
 -0.00249578
 -0.00259036
  -0.0023667
 -0.00229156
 -0.00222512
 -0.00225552
 -0.00219825
 -0.00222447
 -0.00221279
 -0.00221361
 -0.00220545
 -0.00213906
   -0.002067
 -0.00187688
  -0.0018592
 -0.00191062
 -0.00182205
 -0.00198045
 -0.00203602
 -0.00188385
 -0.00182094
 -0.00162254
 -0.00168022
 -0.00151896
 -0.00152875
 -0.00155195
  -0.0013605
 -0.00140137
 -0.00139532
  -0.0013896
 -0.00142947
  -0.0014258
 -0.00133443
 -0.00124549
 -0.00120489
 -0.00123715
 -0.00108302
-0.000993972
-0.000816743
-0.000831411
-0.000820502
-0.000807003
-0.000874976
 -0.00109245
 -0.00111578
 -0.00118078
 -0.00116363
 -0.00124295
 -0.00130605
 -0.00161253
 -0.00138199
 -0.00151811
 -0.00136719
 -0.00137825
 -0.00148013
 -0.00146112
 -0.00153201
 -0.00153625
 -0.00139889
  -0.0015237
 -0.00165186
 -0.00169841
 -0.00156315
 -0.00172304
 -0.00184683
 -0.00168107
 -0.00171296
 -0.00168699
 -0.00171506
  -0.0017394
 -0.00158843
 -0.00151597
 -0.00142422
 -0.00132508
 -0.00124117
 -0.00129479
 -0.00125347
 -0.00126847
 -0.00124876
 -0.00116382
 -0.00138298
 -0.00113832
 -0.00111592
 -0.00109393
 -0.00112102
 -0.00125042
 -0.00137907
  -0.0013178
 -0.00128608
 -0.00128114
 -0.00118444
-0.000965282
-0.000915208
-0.000907798
-0.000802571
 -0.00078264
-0.000564341
-0.000452764
-0.000328389
-0.000253544
-0.000401174
 -0.00027971
-0.000175001
-0.000112808
-0.000101271
-0.000102602
-0.000169508
-0.000400672
 -0.00042357
-0.000421308
-0.000182575
-0.000196003
-0.000383162
-0.000396428
-0.000289323
-0.000199393
-0.000317439
-0.000341317
-0.000441751
-0.000399651
-0.000377943
-0.000399758
-0.000313109
-0.000324475
-0.000336689
-0.000194157
-0.000331494
-0.000406585
-0.000512408
-0.000541179
-0.000501383
-0.000657547
-0.000697239
-0.000697922
-0.000564513
-0.000650294
-0.000611502
-0.000422961
-0.000420359
-0.000370376
-0.000367815
 -0.00036768
-0.000265013
-0.000356129
 -0.00044376
-0.000616073
-0.000604449
-0.000600478
-0.000660582
-0.000601668
-0.000726271
-0.000716022
-0.000776519
-0.000899791
 -0.00100164
 -0.00100705
-0.000852606
-0.000972421
 -0.00105772
-0.000988457
 -0.00100089
 -0.00101571
-0.000984754
 -0.00108256
 -0.00122844
  -0.0012453
 -0.00132718
 -0.00129442
 -0.00144471
 -0.00134545
 -0.00146199
 -0.00144653
 -0.00133876
  -0.0013783
  -0.0013568
 -0.00138224
 -0.00132981
 -0.00150975
 -0.00150303
 -0.00151809
 -0.00140119
 -0.00146745
 -0.00150737
 -0.00169992
 -0.00154396
 -0.00142712
   -0.001387
 -0.00141472
 -0.00140695
 -0.00134952
 -0.00139876
  -0.0013026
  -0.0012941
 -0.00138107
 -0.00134824
 -0.00122495
 -0.00124842
 -0.00128469
 -0.00122473
 -0.00111787
 -0.00107168
-0.000959238
-0.000805342
 -0.00095821
 -0.00100149
-0.000949239
 -0.00104198
 -0.00108063
  -0.0010075
-0.000962843
-0.000780393
-0.000892959
-0.000838422
-0.000610587
  -0.0004867
 -5.3375e-05
 3.72038e-05
-0.000141741
-0.000237347
-0.000168341
 -0.00028076
-0.000254154
 -0.00034263
-0.000285833
-0.000261778
-0.000237048
-0.000181496
-0.000189755
-0.000267321
-0.000114439
-0.000134223
-5.28715e-05
 -7.7874e-05
 -4.3646e-05
-4.73743e-06
-0.000105435
-0.000142361
 -0.00011565
 9.04567e-06
-2.52892e-05
-3.99945e-05
 -0.00025291
-0.000299042
-0.000454458
-0.000538475
-0.000676865
 -0.00075678
-0.000747287
-0.000681898
-0.000650753
-0.000777064
-0.000811793
-0.000825888
-0.000724997
-0.000649571
-0.000719347
-0.000823086
-0.000914028
 -0.00112385
 -0.00128864
 -0.00125362
 -0.00118885
 -0.00106847
 -0.00104652
 -0.00102048
 -0.00107689
 -0.00104789
 -0.00123089
 -0.00128531
 -0.00147814
 -0.00154481
 -0.00170535
 -0.00172793
 -0.00184112
 -0.00175236
 -0.00162917
 -0.00163978
 -0.00153673
 -0.00147487
  -0.0015024
 -0.00153968
 -0.00159695
 -0.00173837
 -0.00190915
 -0.00193129
 -0.00180336
 -0.00168182
 -0.00175069
 -0.00173478
 -0.00184173
 -0.00175808
 -0.00189638
 -0.00176036
 -0.00169341
 -0.00176509
 -0.00183429
 -0.00184907
  -0.0019299
 -0.00192968
  -0.0018546
 -0.00187031
 -0.00182775
 -0.00199456
 -0.00199592
 -0.00215636
 -0.00217078
 -0.00230132
 -0.00245818
 -0.00246159
 -0.00236335
 -0.00228341
 -0.00217798
 -0.00212067
 -0.00205577
 -0.00210017
 -0.00216342
 -0.00227162
 -0.00214379
 -0.00202871
 -0.00196156
  -0.0018708
 -0.00185821
 -0.00175773
 -0.00164686
 -0.00192724
 -0.00195196
 -0.00177241
 -0.00177307
 -0.00185992
  -0.0018667
 -0.00179957
  -0.0018217
  -0.0017282
 -0.00167406
 -0.00163481
 -0.00182551
 -0.00181227
  -0.0016255
 -0.00174362
  -0.0019328
 -0.00206224
 -0.00215284
  -0.0020601
 -0.00203872
 -0.00200572
 -0.00208501
 -0.00189941
 -0.00168362
 -0.00139285
 -0.00137792
 -0.00134524
 -0.00128194
 -0.00115973
 -0.00115332
 -0.00121656
 -0.00132724
 -0.00139636
 -0.00136314
 -0.00130483
 -0.00121513
 -0.00142174
 -0.00158427
 -0.00156559
 -0.00161188
  -0.0016474
 -0.00166992
 -0.00183884
 -0.00187134
 -0.00186941
 -0.00182442
 -0.00178624
 -0.00183951
 -0.00177484
 -0.00174225
 -0.00177197
 -0.00180693
 -0.00190088
  -0.0016986
 -0.00167654
 -0.00166442
 -0.00175191
 -0.00166606
 -0.00170204
 -0.00143787
 -0.00145114
 -0.00143103
 -0.00151267
 -0.00152303
 -0.00159159
 -0.00155062
 -0.00160191
 -0.00179938
 -0.00188608
 -0.00187513
 -0.00199413
 -0.00186359
 -0.00174425
 -0.00187311
 -0.00190344
 -0.00184601
 -0.00204232
  -0.0019311
 -0.00192686
 -0.00189098
 -0.00181633
 -0.00187736
 -0.00189596
 -0.00182354
 -0.00180538
 -0.00175215
 -0.00171594
 -0.00159131
 -0.00142709
 -0.00130561
 -0.00140785
 -0.00107122
 -0.00117108
 -0.00114477
 -0.00115301
 -0.00117947
 -0.00113775
 -0.00114531
 -0.00115316
 -0.00114829
 -0.00111215
 -0.00122361
 -0.00125732
 -0.00119834
 -0.00113363
 -0.00105219
-0.000844151
-0.000858503
-0.000847331
-0.000800745
-0.000694853
-0.000929173
-0.000900923
-0.000837653
-0.000840264
-0.000867956
-0.000801632
-0.000926494
 -0.00101857
 -0.00103275
-0.000948553
-0.000914674
-0.000933102
-0.000893714
-0.000941103
-0.000887462
-0.000984703
 -0.00101653
-0.000911098
-0.000934254
-0.000872826
-0.000889817
-0.000863333
-0.000899627
-0.000797936
-0.000819903
-0.000864268
-0.000896158
 -0.00107175
 -0.00126198
 -0.00131507
  -0.0012738
 -0.00114944
-0.000994316
-0.000991622
 -0.00107317
  -0.0011361
-0.000986415
-0.000992646
-0.000885073
-0.000752026
-0.000883239
-0.000814676
 -0.00076143
-0.000832117
-0.000874717
-0.000883782
-0.000963192
 -0.00106439
-0.000879332
-0.000952257
-0.000877599
-0.000954263
 -0.00108553
 -0.00109783
 -0.00107793
 -0.00115315
 -0.00111375
 -0.00135595
 -0.00126108
 -0.00127747
 -0.00123917
 -0.00126072
 -0.00133303
 -0.00118255
 -0.00127911
 -0.00118665
 -0.00130366
 -0.00136973
 -0.00142036
 -0.00124717
 -0.00130779
 -0.00124279
 -0.00137594
 -0.00142125
  -0.0013577
 -0.00122083
 -0.00121629
  -0.0011506
 -0.00122737
 -0.00119554
 -0.00121208
  -0.0012496
 -0.00129765
 -0.00128076
 -0.00127007
  -0.0013644
 -0.00127234
 -0.00139882
  -0.0011909
 -0.00126836
 -0.00110567
 -0.00096554
-0.000978091
-0.000995482
-0.000938005
  -0.0010981
 -0.00120294
 -0.00116039
 -0.00123848
 -0.00110412
 -0.00109859
 -0.00106433
-0.000978275
  -0.0010349
 -0.00124366
 -0.00131083
 -0.00105098
-0.000975349
-0.000823146
 -0.00065174
-0.000668199
-0.000616722
-0.000541236
-0.000550221
-0.000712709
-0.000824812
-0.000827768
-0.000810143
-0.000943466
-0.000999818
 -0.00105719
  -0.0011908
 -0.00135043
 -0.00122515
 -0.00129417
 -0.00116831
 -0.00125946
 -0.00126473
  -0.0012657
 -0.00123751
 -0.00121103
 -0.00094435
 -0.00088484
-0.000870417
-0.000826863
 -0.00114041
 -0.00122503
 -0.00103794
 -0.00101761
 -0.00109216
 -0.00102927
 -0.00108107
  -0.0012452
 -0.00130682
 -0.00138685
 -0.00149749
 -0.00140142
 -0.00135404
 -0.00155643
 -0.00148615
 -0.00136487
 -0.00118201
 -0.00127164
 -0.00114643
 -0.00105072
 -0.00104525
-0.000962861
 -0.00125116
 -0.00123918
 -0.00138406
 -0.00159378
 -0.00137098
 -0.00130986
 -0.00127677
 -0.00121968
 -0.00124373
 -0.00121795
 -0.00124599
 -0.00137053
 -0.00143536
 -0.00135606
 -0.00127301
 -0.00123123
 -0.00113489
 -0.00112274
 -0.00121946
 -0.00122957
 -0.00113712
 -0.00107474
  -0.0010027
 -0.00102122
  -0.0010277
-0.000945529
 -0.00101043
-0.000976937
 -0.00104091
 -0.00089449
-0.000871029
-0.000915749
 -0.00110319
 -0.00104562
 -0.00104513
-0.000981553
 -0.00116432
 -0.00107448
 -0.00101115
   -0.001045
 -0.00115862
 -0.00129424
 -0.00114664
 -0.00118438
 -0.00116083
 -0.00114878
 -0.00120118
 -0.00117622
 -0.00110055
 -0.00104596
 -0.00112706
 -0.00101532
-0.000902144
-0.000968366
 -0.00104132
-0.000987185
-0.000905741
-0.000975729
 -0.00101269
-0.000963623
-0.000787818
-0.000601219
-0.000738343
-0.000780246
-0.000795056
-0.000725768
-0.000916974
-0.000965827
 -0.00101739
 -0.00102404
 -0.00109306
 -0.00111746
 -0.00104724
-0.000824001
-0.000761787
-0.000841803
-0.000886419
-0.000936863
-0.000997863
 -0.00103001
 -0.00101765
-0.000974647
 -0.00119935
 -0.00122157
 -0.00103665
 -0.00110342
 -0.00103556
-0.000952676
-0.000838689
 -0.00076106
-0.000829555
-0.000957064
 -0.00100831
 -0.00108109
   -0.001193
 -0.00104205
 -0.00103967
 -0.00102861
 -0.00101452
-0.000955512
 -0.00108202
 -0.00107899
 -0.00106923
 -0.00110725
 -0.00110832
 -0.00113242
-0.000961462
 -0.00101307
 -0.00107645
 -0.00105562
   -0.001083
 -0.00110475
 -0.00120648
 -0.00133195
 -0.00129831
 -0.00122861
  -0.0013796
 -0.00135606
 -0.00145535
 -0.00138087
 -0.00135938
 -0.00150184
 -0.00157512
 -0.00162477
 -0.00135602
 -0.00146675
 -0.00146202
 -0.00148774
  -0.0016269
 -0.00158628
 -0.00182457
 -0.00185154
 -0.00195932
 -0.00197596
 -0.00201958
 -0.00196188
 -0.00190886
  -0.0020887
 -0.00191733
 -0.00188339
 -0.00193444
 -0.00192517
 -0.00177263
 -0.00181386
 -0.00179952
  -0.0018049
  -0.0019404
 -0.00195451
 -0.00199894
 -0.00201935
  -0.0019318
 -0.00196105
 -0.00194215
 -0.00187249
 -0.00218454
 -0.00224179
 -0.00224481
 -0.00235412
 -0.00252107
 -0.00260805
 -0.00243532
  -0.0021329
 -0.00218904
 -0.00224381
 -0.00220353
 -0.00219699
 -0.00208462
 -0.00203749
   -0.002132
 -0.00203251
 -0.00222131
 -0.00211219
 -0.00212816
 -0.00221777
 -0.00200254
  -0.0020008
 -0.00200698
 -0.00191597
 -0.00201082
 -0.00202192
 -0.00183743
 -0.00191626
 -0.00193483
 -0.00196552
 -0.00204745
  -0.0021145
 -0.00223507
 -0.00221852
 -0.00232366
 -0.00228459
 -0.00209896
 -0.00202544
 -0.00200404
 -0.00195098
 -0.00211451
 -0.00214637
 -0.00202535
 -0.00186334
  -0.0018541
 -0.00196944
 -0.00206694
 -0.00199946
 -0.00197741
 -0.00192654
 -0.00208674
 -0.00191071
  -0.0018129
 -0.00178444
 -0.00179785
  -0.0017683
 -0.00171475
 -0.00168303
  -0.0015776
  -0.0015431
 -0.00137849
 -0.00156975
 -0.00164632
 -0.00158674
 -0.00145871
 -0.00149362
 -0.00144262
  -0.0015845
 -0.00160693
 -0.00147406
 -0.00144395
 -0.00137636
 -0.00142553
 -0.00130757
 -0.00138092
 -0.00137979
 -0.00130939
 -0.00126633
 -0.00126115
 -0.00127503
 -0.00128537
 -0.00130066
 -0.00127245
 -0.00127144
 -0.00127882
 -0.00116251
 -0.00108657
-0.000878931
-0.000877287
-0.000891339
 -0.00108067
 -0.00110523
 -0.00130425
 -0.00137274
 -0.00134054
  -0.0014664
 -0.00156645
 -0.00146743
 -0.00144506
 -0.00137826
 -0.00144821
 -0.00150253
 -0.00142272
 -0.00139052
 -0.00146572
 -0.00145339
  -0.0014645
 -0.00135324
 -0.00140069
 -0.00144407
 -0.00136396
 -0.00119343
 -0.00109177
 -0.00104863
  -0.0010324
 -0.00101068
 -0.00110774
 -0.00108051
 -0.00113431
 -0.00127647
 -0.00112148
 -0.00114652
 -0.00113719
 -0.00104859
 -0.00095481
-0.000913307
-0.000766051
-0.000865898
-0.000962443
-0.000791542
-0.000706247
 -0.00076856
-0.000755648
-0.000706886
-0.000784454
-0.000981782
 -0.00112956
 -0.00114642
 -0.00111995
  -0.0010841
 -0.00100402
 -0.00101449
-0.000962004
-0.000978361
 -0.00107038
  -0.0012001
 -0.00128432
 -0.00143564
 -0.00125489
 -0.00127555
 -0.00148952
 -0.00142856
 -0.00145291
 -0.00136464
 -0.00157901
 -0.00151824
 -0.00163723
 -0.00161126
 -0.00162624
 -0.00161578
 -0.00170263
 -0.00151996
  -0.0014897
 -0.00153701
 -0.00170877
 -0.00162631
 -0.00158213
 -0.00167576
 -0.00172404
 -0.00154771
  -0.0015985
 -0.00164483
 -0.00158837
 -0.00153778
 -0.00159604
 -0.00159952
 -0.00143352
 -0.00146835
 -0.00139952
 -0.00136475
 -0.00137812
 -0.00136873
 -0.00121628
 -0.00128673
 -0.00127807
  -0.0012786
 -0.00134591
 -0.00122053
 -0.00124472
 -0.00118475
 -0.00120216
 -0.00107514
 -0.00100401
-0.000938572
  -0.0010254
-0.000895031
-0.000908635
-0.000957183
 -0.00105003
  -0.0010341
  -0.0010785
 -0.00103718
-0.000928162
-0.000737719
-0.000755458
-0.000842447
-0.000798927
-0.000727249
-0.000702424
 -0.00078255
 -0.00103718
 -0.00130601
 -0.00120768
 -0.00115832
 -0.00122452
 -0.00116507
 -0.00100573
-0.000950025
-0.000786328
-0.000672136
-0.000684747
-0.000798203
-0.000769135
-0.000730839
-0.000665132
-0.000599648
-0.000551523
-0.000461846
-0.000497603
  -0.0004765
-0.000393611
-0.000239122
-0.000402143
-0.000499228
-0.000462879
-0.000647651
-0.000791519
-0.000702179
-0.000765629
-0.000619464
 -0.00062362
-0.000548606
-0.000636037
-0.000867213
-0.000849401
-0.000754064
-0.000690494
-0.000771042
-0.000668918
-0.000634976
-0.000597874
-0.000554831
-0.000595363
-0.000542072
-0.000679258
-0.000513357
 -0.00055515
-0.000545693
-0.000754399
-0.000829953
 -0.00101729
-0.000891706
-0.000994026
-0.000863136
-0.000645943
 -0.00064676
-0.000784662
 -0.00077398
-0.000754657
-0.000719808
-0.000736641
-0.000728479
-0.000586746
-0.000564074
-0.000716234
-0.000838817
-0.000937428
-0.000805699
-0.000598558
-0.000583896
-0.000555464
-0.000638513
-0.000598665
-0.000596113
-0.000638582
-0.000660336
-0.000755792
 -0.00076043
-0.000977591
 -0.00116204
 -0.00096397
 -0.00105314
 -0.00108648
 -0.00105151
 -0.00122897
 -0.00126127
 -0.00131419
 -0.00141932
 -0.00142099
 -0.00135512
  -0.0012338
 -0.00118575
 -0.00123521
 -0.00121304
 -0.00132322
 -0.00140765
 -0.00135723
 -0.00124064
 -0.00138013
  -0.0013994
 -0.00122638
 -0.00126591
 -0.00121879
 -0.00130754
 -0.00130595
 -0.00141421
 -0.00147397
 -0.00144385
 -0.00135296
 -0.00141083
 -0.00152929
 -0.00139545
 -0.00141427
 -0.00158114
 -0.00179773
 -0.00174307
 -0.00180839
 -0.00185595
 -0.00192675
  -0.0018409
 -0.00175632
 -0.00182108
 -0.00174614
 -0.00169923
 -0.00154931
 -0.00153646
 -0.00164044
 -0.00182481
 -0.00173424
 -0.00174906
 -0.00175523
 -0.00179115
 -0.00179269
 -0.00177833
 -0.00177909
 -0.00169461
 -0.00163011
 -0.00155893
 -0.00149061
 -0.00143448
 -0.00134443
 -0.00127826
 -0.00131571
 -0.00107241
 -0.00120187
 -0.00118008
 -0.00124297
 -0.00127869
 -0.00134778
 -0.00130179
  -0.0013757
 -0.00146996
 -0.00132005
 -0.00117759
 -0.00111181
 -0.00122813
 -0.00109976
 -0.00112431
 -0.00114607
  -0.0011839
 -0.00123986
 -0.00132595
 -0.00117703
 -0.00101902
-0.000856507
-0.000983171
-0.000904482
-0.000957762
-0.000929861
   -0.001116
 -0.00117984
 -0.00116732
 -0.00128198
 -0.00134439
 -0.00131625
 -0.00132462
 -0.00142065
 -0.00144551
 -0.00134215
 -0.00127783
 -0.00116409
  -0.0010034
  -0.0010303
 -0.00102502
 -0.00106066
 -0.00107588
-0.000923313
-0.000868303
-0.000816575
 -0.00068816
-0.000733369
-0.000766424
-0.000763292
 -0.00089815
-0.000872493
-0.000867331
-0.000904567
-0.000815372
-0.000878642
-0.000984148
 -0.00106073
-0.000909539
-0.000910555
-0.000976541
 -0.00095838
 -0.00114421
 -0.00115411
 -0.00111332
 -0.00098908
-0.000909684
-0.000857933
-0.000874677
-0.000894566
 -0.00101305
 -0.00106323
-0.000914017
-0.000789521
-0.000780915
-0.000887078
-0.000933421
  -0.0010608
  -0.0012583
 -0.00137039
 -0.00115873
 -0.00120056
  -0.0012726
 -0.00131496
 -0.00129663
 -0.00110554
 -0.00136192
     -0.0014
 -0.00138016
 -0.00156084
 -0.00150617
 -0.00157048
 -0.00162548
 -0.00154953
 -0.00155226
  -0.0016606
 -0.00167684
 -0.00169684
 -0.00167013
 -0.00160757
 -0.00148844
 -0.00150767
 -0.00157559
 -0.00160033
 -0.00166841
 -0.00167984
 -0.00175862
 -0.00181726
 -0.00174284
 -0.00184978
 -0.00212386
  -0.0019577
 -0.00208666
 -0.00200759
 -0.00199221
 -0.00200208
 -0.00206046
 -0.00206014
 -0.00207254
  -0.0021823
 -0.00230564
 -0.00226884
 -0.00227278
 -0.00230402
 -0.00234902
 -0.00224609
  -0.0023256
 -0.00215317
 -0.00209613
 -0.00202942
 -0.00229218
  -0.0022904
 -0.00238836
 -0.00241187
 -0.00268092
 -0.00279824
 -0.00283965
 -0.00264058
 -0.00256516
  -0.0024429
  -0.0024266
 -0.00238539
 -0.00244655
 -0.00239305
  -0.0023302
 -0.00231985
 -0.00215779
 -0.00208748
 -0.00218014
 -0.00205688
 -0.00190429
 -0.00181494
 -0.00167272
 -0.00181575
 -0.00182175
  -0.0019052
 -0.00194493
 -0.00188361
 -0.00191973
 -0.00193382
 -0.00183367
 -0.00189088
 -0.00185102
 -0.00167859
 -0.00177514
  -0.0018927
 -0.00187774
 -0.00173793
 -0.00157415
 -0.00145937
 -0.00141861
 -0.00145808
 -0.00137324
 -0.00138082
 -0.00141043
 -0.00148918
 -0.00151942
 -0.00157291
 -0.00147279
 -0.00139136
 -0.00146129
 -0.00145475
 -0.00147488
 -0.00148358
 -0.00155176
 -0.00149012
 -0.00149318
 -0.00144714
 -0.00156719
 -0.00142867
 -0.00146073
 -0.00130393
 -0.00132077
 -0.00148173
 -0.00158699
 -0.00164662
 -0.00155687
 -0.00141978
 -0.00144312
 -0.00123467
 -0.00117525
 -0.00118101
 -0.00127055
 -0.00122852
 -0.00116869
 -0.00106263
 -0.00100161
 -0.00108405
-0.000937699
  -0.0008906
-0.000761964
-0.000798013
-0.000878016
-0.000873919
 -0.00107954
 -0.00101578
 -0.00101371
 -0.00105042
 -0.00108368
  -0.0012016
 -0.00138774
 -0.00143193
 -0.00131861
  -0.0012971
 -0.00119741
 -0.00133009
 -0.00120268
 -0.00129508
 -0.00140358
 -0.00152992
 -0.00153279
 -0.00160981
   -0.001676
 -0.00156502
 -0.00143367
 -0.00136724
 -0.00129079
 -0.00132646
 -0.00133566
 -0.00136227
 -0.00133796
 -0.00121314
 -0.00124238
 -0.00111241
-0.000997225
-0.000978057
-0.000841343
-0.000788038
-0.000931437
-0.000873047
 -0.00110719
-0.000981167
  -0.0010389
 -0.00118201
 -0.00111236
  -0.0011293
 -0.00120981
 -0.00121567
 -0.00115572
 -0.00108068
 -0.00118367
 -0.00126735
 -0.00127144
 -0.00127947
 -0.00120526
 -0.00123573
 -0.00122839
 -0.00121415
 -0.00112512
 -0.00108469
  -0.0010264
-0.000986177
-0.000952052
-0.000946655
 -0.00095061
 -0.00102009
 -0.00094911
-0.000962663
-0.000911642
-0.000949724
 -0.00103808
 -0.00102465
-0.000943929
 -0.00079706
-0.000736551
-0.000733324
-0.000667762
-0.000819046
-0.000951341
 -0.00102409
-0.000975449
-0.000920544
-0.000904196
-0.000855681
-0.000803912
-0.000830293
-0.000703168
-0.000626111
-0.000487972
-0.000436345
-0.000437923
-0.000407324
-0.000354617
-0.000349631
-0.000403165
 -0.00039935
-0.000231812
-0.000291906
-0.000375559
-0.000504842
 -0.00052549
-0.000508983
-0.000545205
-0.000464149
-0.000485144
-0.000524619
-0.000540562
-0.000574535
-0.000620762
-0.000683516
-0.000546972
-0.000565918
 -0.00059442
-0.000795324
-0.000960992
-0.000923033
-0.000938998
-0.000955486
-0.000999657
 -0.00103923
 -0.00100164
 -0.00101208
-0.000893574
-0.000920719
-0.000936601
-0.000866072
 -0.00089674
 -0.00100074
-0.000962017
-0.000859853
 -0.00077088
-0.000870021
-0.000849944
-0.000827692
-0.000864689
-0.000846669
-0.000826371
-0.000676097
-0.000713675
-0.000645234
 -0.00085715
 -0.00071781
-0.000597556
-0.000502424
-0.000456098
-0.000395266
-0.000413626
-0.000562423
-0.000656487
-0.000712553
-0.000704288
-0.000715648
-0.000911112
-0.000897473
 -0.00110242
 -0.00106541
 -0.00111075
 -0.00104245
 -0.00112438
 -0.00122596
 -0.00102014
 -0.00118557
 -0.00112994
 -0.00100458
-0.000866567
 -0.00103367
 -0.00103653
  -0.0010503
-0.000924465
-0.000852597
-0.000817763
-0.000872081
-0.000761794
-0.000600825
-0.000673737
-0.000529511
-0.000541697
-0.000563704
-0.000702237
  -0.0007114
-0.000801578
-0.000814047
-0.000751519
-0.000819979
-0.000734288
 -0.00066775
-0.000547189
-0.000558565
-0.000715155
  -0.0006787
-0.000691277
 -0.00066287
-0.000616455
-0.000533582
-0.000553497
-0.000650055
-0.000746394
-0.000933812
 -0.00113898
 -0.00117821
 -0.00108447
 -0.00102715
-0.000953941
-0.000956018
-0.000970322
   -0.001013
-0.000811385
 -0.00082628
-0.000839763
-0.000826639
-0.000743454
-0.000782514
-0.000954299
 -0.00105242
-0.000998459
 -0.00111496
 -0.00094424
-0.000966589
 -0.00111813
 -0.00123463
  -0.0011354
 -0.00118757
 -0.00108833
 -0.00113374
 -0.00102173
-0.000940083
 -0.00100626
-0.000919005
-0.000748507
-0.000514743
-0.000552838
-0.000552679
-0.000637914
 -0.00078487
 -0.00107773
 -0.00101175
 -0.00103064
 -0.00117942
 -0.00123003
 -0.00130146
  -0.0013756
  -0.0014417
  -0.0015483
 -0.00146865
 -0.00141161
 -0.00158611
 -0.00169138
 -0.00169479
 -0.00156374
 -0.00151079
 -0.00148009
 -0.00140993
 -0.00138236
 -0.00119482
 -0.00107399
 -0.00104469
-0.000980767
-0.000981205
-0.000976935
  -0.0010582
 -0.00104623
 -0.00114801
 -0.00110292
  -0.0011783
 -0.00111763
 -0.00105391
 -0.00102338
-0.000938182
-0.000848048
-0.000769848
-0.000789292
-0.000884608
-0.000867404
-0.000649677
-0.000847439
-0.000693295
-0.000529167
-0.000599774
-0.000504729
-0.000530028
-0.000682641
-0.000679302
 -0.00056643
 -0.00071612
-0.000809514
-0.000917467
-0.000939863
-0.000908131
-0.000948507
 -0.00103427
 -0.00110303
 -0.00115032
  -0.0012436
 -0.00139657
 -0.00151931
 -0.00152766
 -0.00152875
 -0.00150537
 -0.00160845
 -0.00159098
  -0.0014887
 -0.00144385
 -0.00134414
 -0.00126557
 -0.00130609
   -0.001261
 -0.00124646
 -0.00137922
 -0.00126882
   -0.001257
 -0.00113975
 -0.00121233
 -0.00130253
 -0.00114251
 -0.00124668
 -0.00118241
 -0.00125421
 -0.00118225
 -0.00117911
 -0.00116149
 -0.00109552
-0.000944503
 -0.00105255
 -0.00108557
 -0.00121628
 -0.00130065
 -0.00131281
 -0.00137495
 -0.00143689
 -0.00150162
 -0.00157837
 -0.00147093
 -0.00146589
 -0.00135252
 -0.00122103
 -0.00124325
 -0.00117704
 -0.00107191
-0.000978901
-0.000944246
-0.000946088
 -0.00105578
 -0.00105064
-0.000947496
 -0.00100782
 -0.00100587
 -0.00108661
 -0.00105821
 -0.00113923
 -0.00111042
 -0.00104424
 -0.00101809
-0.000860934
-0.000791477
-0.000877122
-0.000730842
-0.000597959
-0.000589464
-0.000454769
-0.000523019
 -0.00062206
-0.000575338
-0.000657381
-0.000704706
 -0.00054218
-0.000644744
-0.000690413
-0.000592929
-0.000425567
-0.000436075
-0.000449441
-0.000438735
-0.000294652
-0.000163208
-0.000140665
 5.75774e-05
 0.000133623
 0.000215158
 0.000339552
 0.000433093
 0.000461272
 0.000249083
 3.91674e-05
 1.04054e-05
 2.87472e-06
 5.14938e-05
-9.58114e-05
-0.000246487
 -0.00014353
 -0.00010885
-0.000142041
-6.93001e-05
-0.000106156
-0.000146644
-0.000157255
-8.53586e-05
-9.13432e-05
 0.000103801
-1.88552e-05
 2.24866e-05
-1.03426e-05
-0.000112321
-0.000130995
 -0.00020733
-0.000214206
-0.000130498
-7.30969e-05
-0.000266993
-0.000161454
-0.000224525
-0.000231416
-0.000231346
-0.000371118
-0.000571371
-0.000371177
-0.000474547
-0.000508724
-0.000547629
-0.000580507
-0.000541165
-0.000579949
-0.000530249
-0.000478451
-0.000447749
 -0.00035155
-0.000323336
-0.000312266
-0.000355525
-0.000434158
 -0.00052124
-0.000685658
-0.000776738
-0.000953954
 -0.00100771
-0.000846537
-0.000900645
-0.000861855
-0.000924788
-0.000946969
-0.000947755
-0.000991694
 -0.00104274
 -0.00114492
 -0.00134886
 -0.00125614
   -0.001303
 -0.00132711
 -0.00120213
 -0.00110853
  -0.0011555
 -0.00128742
 -0.00145682
 -0.00132436
 -0.00135887
 -0.00145158
 -0.00152507
  -0.0015962
  -0.0016002
 -0.00185062
 -0.00181455
 -0.00172097
 -0.00167266
 -0.00178757
 -0.00178323
 -0.00156072
 -0.00145557
   -0.001374
 -0.00112111
-0.000997146
-0.000872393
-0.000751614
-0.000766944
-0.000902875
-0.000691482
-0.000799732
-0.000661984
-0.000679984
-0.000616408
-0.000581866
-0.000617767
-0.000675776
-0.000761742
-0.000684779
-0.000740377
-0.000698563
-0.000748981
-0.000551005
-0.000520566
-0.000480274
-0.000337985
-0.000302847
-0.000421437
-0.000382383
 -0.00026485
-0.000253719
-0.000150887
-0.000140532
-0.000119512
 -0.00014085
-6.18556e-05
-5.47715e-05
 -0.00020738
-0.000184885
-8.09764e-05
-0.000182979
-0.000174536
-0.000247353
-0.000259637
-0.000200473
-0.000180565
-0.000232556
-0.000369243
-0.000504148
-0.000531628
-0.000580915
-0.000593528
-0.000748974
-0.000756755
-0.000647412
-0.000606657
-0.000666838
-0.000634645
-0.000691021
-0.000732738
-0.000627874
-0.000540776
  -0.0004662
-0.000432294
-0.000403597
-0.000107518
-0.000142617
-2.44933e-05
 -3.2913e-05
-8.06879e-05
-0.000183219
-9.50116e-05
-0.000187924
-7.78626e-05
-6.17474e-05
-0.000188308
-0.000303071
-0.000334296
-0.000274819
-0.000236374
-0.000247327
-0.000294705
-0.000327409
-0.000390714
-0.000204131
-5.14144e-05
-5.38735e-05
-4.71568e-05
 0.000136854
 0.000261572
 0.000281926
 0.000229397
 0.000174802
 0.000217515
 0.000245868
 0.000251936
 0.000195832
 0.000134195
 2.32249e-05
 4.56192e-05
 0.000149612
 0.000138445
 8.29954e-05
-4.32699e-06
 0.000168304
 0.000218281
 0.000185951
 4.35634e-05
 0.000286516
 0.000388306
 0.000167753
 0.000207438
 0.000226354
 0.000262034
 0.000235709
 8.36528e-05
 0.000115361
  7.5417e-06
-0.000112987
-6.97263e-05
-5.12049e-05
-0.000107487
-0.000201611
-0.000158991
 -1.9293e-05
 1.54092e-05
-0.000105078
-7.18469e-05
-0.000204944
-0.000210934
-3.48156e-05
-8.90803e-05
-2.39205e-05
-0.000192357
-0.000130139
-8.04156e-05
-0.000101517
-0.000125998
-0.000164204
 -9.5586e-05
 0.000199638
 0.000141671
  0.00016618
 0.000310972
 0.000129502
-0.000106598
 7.51098e-05
 0.000277631
 0.000340735
 0.000457608
 0.000492646
 0.000501061
 0.000631915
 0.000569182
 0.000368721
 0.000396312
 0.000526414
 0.000668219
 0.000435117
 0.000389788
 0.000422871
 0.000512428
 0.000490292
 0.000272087
 0.000402919
 0.000428455
 0.000388632
 0.000366313
 0.000238326
 0.000299617
 0.000225685
 0.000266604
 0.000195347
 0.000393922
   0.0005561
  0.00056142
 0.000434696
 0.000588006
 0.000591289
 0.000445528
 0.000575771
 0.000571739
 0.000638211
 0.000721561
 0.000697429
 0.000571573
 0.000624509
 0.000717274
 0.000750066
  0.00065584
 0.000712082
 0.000937404
  0.00107899
  0.00116408
   0.0012507
  0.00127353
  0.00126434
  0.00140139
  0.00145301
  0.00131062
   0.0013868
  0.00145051
  0.00149758
  0.00152985
  0.00159278
  0.00151634
  0.00159774
    0.001665
  0.00173731
   0.0017027
  0.00166699
  0.00169027
  0.00166519
  0.00182789
  0.00157579
  0.00165836
  0.00152289
  0.00150656
  0.00165697
  0.00172473
   0.0016049
  0.00169702
  0.00183961
  0.00184678
   0.0018562
  0.00185904
   0.0019246
  0.00207395
  0.00195288
  0.00183577
   0.0018302
  0.00165427
  0.00168489
  0.00167537
  0.00185538
    0.001822
  0.00185975
  0.00173967
  0.00174523
  0.00181838
  0.00194239
  0.00207948
  0.00216165
  0.00218813
  0.00212782
  0.00203843
   0.0022202
  0.00233497
  0.00245496
  0.00245994
  0.00237716
  0.00235837
  0.00238389
   0.0025097
  0.00246251
  0.00254637
  0.00261132
  0.00258412
   0.0023961
  0.00250377
  0.00255982
  0.00253648
  0.00257074
  0.00253197
  0.00270772
  0.00290637
  0.00275245
  0.00255726
  0.00257555
  0.00249724
  0.00253616
  0.00259733
  0.00279133
  0.00273588
  0.00275619
  0.00279396
   0.0026594
  0.00287406
  0.00266331
   0.0027344
  0.00292044
  0.00290047
  0.00296134
  0.00287207
  0.00276996
  0.00279411
  0.00278563
  0.00253628
  0.00262242
  0.00257566
  0.00253488
  0.00275358
  0.00277057
  0.00281114
  0.00269139
  0.00275801
  0.00284209
  0.00296045
    0.002911
  0.00276349
  0.00275554
  0.00271491
  0.00264536
  0.00249287
  0.00268273
  0.00271636
  0.00280672
  0.00274018
  0.00291499
  0.00295376
  0.00292781
  0.00297427
  0.00283736
  0.00281463
  0.00267002
  0.00256066
   0.0024659
  0.00270962
  0.00256914
  0.00260156
  0.00260246
  0.00259775
  0.00252104
  0.00261818
   0.0024917
  0.00254891
    0.002502
  0.00243871
   0.0023407
  0.00229703
  0.00228268
  0.00228453
  0.00225063
  0.00234432
  0.00237074
  0.00248106
  0.00251269
  0.00243329
  0.00253719
  0.00254308
  0.00266973
  0.00251831
  0.00267939
  0.00276136
  0.00266835
    0.002548
  0.00257031
  0.00241699
  0.00241022
  0.00231917
  0.00239501
  0.00237546
  0.00239181
  0.00224927
  0.00236022
  0.00236478
  0.00240637
  0.00244327
   0.0025041
  0.00245523
  0.00265154
  0.00275066
  0.00266632
  0.00271676
  0.00277794
  0.00277516
  0.00287979
  0.00281044
  0.00271403
  0.00260462
  0.00260051
  0.00255898
  0.00251615
  0.00240994
  0.00235081
  0.00226978
   0.0023268
  0.00232118
  0.00224909
  0.00230549
  0.00213715
  0.00210164
  0.00192391
  0.00192073
  0.00181983
  0.00189989
  0.00184454
  0.00193086
  0.00192486
  0.00188822
  0.00178627
  0.00170122
  0.00147181
  0.00132186
  0.00113458
  0.00105697
 0.000951432
 0.000934668
   0.0009744
   0.0010584
  0.00108905
  0.00105176
   0.0011167
  0.00119577
  0.00137435
  0.00143117
  0.00145057
  0.00143714
  0.00136367
  0.00140061
  0.00138292
  0.00131817
  0.00135907
  0.00144914
  0.00145297
  0.00159261
  0.00153879
  0.00144559
  0.00144619
   0.0014353
  0.00135961
  0.00139115
  0.00128223
   0.0011721
  0.00123523
  0.00126851
  0.00137807
  0.00148915
  0.00146237
  0.00130782
  0.00114963
  0.00110497
 0.000912581
 0.000962692
 0.000952204
  0.00100744
  0.00117749
  0.00110772
  0.00115363
  0.00121765
  0.00113504
  0.00100815
  0.00100706
 0.000927942
 0.000977993
 0.000919857
   0.0012317
   0.0011741
  0.00143958
  0.00134286
  0.00148586
  0.00130705
  0.00134413
  0.00145202
  0.00146939
  0.00124879
  0.00125589
  0.00127216
  0.00138336
  0.00133187
  0.00133109
  0.00133034
  0.00138547
  0.00152941
  0.00152604
  0.00169249
  0.00160604
  0.00168506
  0.00163445
  0.00151868
  0.00147374
  0.00167621
   0.0016896
  0.00172529
  0.00180571
  0.00164388
  0.00161038
  0.00159713
  0.00160703
  0.00162528
   0.0016615
  0.00159774
  0.00170605
  0.00161668
  0.00167091
  0.00170903
  0.00157472
   0.0016873
  0.00146378
  0.00163076
  0.00185744
  0.00188606
  0.00187704
  0.00173255
  0.00177788
  0.00175037
  0.00192646
  0.00180255
  0.00186287
  0.00178975
  0.00201045
  0.00190712
  0.00192365
  0.00200455
  0.00189941
  0.00182199
  0.00177224
  0.00162083