          0
0.000100234
0.000142089
0.000173711
0.000199869
0.000223828
0.000245178
0.000265062
0.000283022
0.000299663
0.000315664
0.000330556
0.000344946
0.000359251
 0.00037238
0.000384964
0.000397422
0.000409538
0.000421163
0.000432569
0.000444035
0.000455133
 0.00046543
0.000475526
0.000485588
0.000495129
0.000504733
0.000514207
0.000523194
0.000532379
0.000540788
0.000549697
0.000558254
0.000566443
0.000574799
0.000582153
0.000589099
0.000596878
0.000604891
0.000612125
0.000619315
0.000626461
0.000633493
0.000640423
0.000647034
0.000654435
0.000660715
0.000667433
0.000674906
0.000681648
0.000688426
0.000694945
0.000701204
0.000707846
0.000714712
0.000721376
0.000727886
0.000734185
0.000740548
0.000746391
0.000752283
0.000758286
0.000764706
0.000770338
0.000775788
0.000781149
0.000786379
0.000791752
0.000797399
 0.00080307
0.000808687
 0.00081397
0.000819977
0.000824691
0.000830046
0.000835111
0.000840498
 0.00084589
0.000851019
0.000856247
0.000861416
0.000866173
0.000871185
0.000875945
0.000880902
0.000885543
0.000890429
 0.00089489
0.000899295
0.000904324
0.000909036
0.000913721
0.000917951
0.000922189
0.000926789
0.000930952
0.000935276
0.000939876
0.000944566
0.000948788
0.000952564
0.000956959
0.000961245
0.000965645
0.000969469
0.000973808
0.000978182
0.000982618
 0.00098704
0.000991382
0.000995381
0.000999579
 0.00100401
 0.00100814
 0.00101212
 0.00101655
 0.00102041
 0.00102368
 0.00102802
 0.00103177
 0.00103497
 0.00103855
 0.00104241
 0.00104683
 0.00105067
 0.00105465
 0.00105814
 0.00106164
 0.00106524
 0.00106891
  0.0010728
 0.00107664
 0.00108046
 0.00108398
 0.00108724
 0.00109052
  0.0010932
 0.00109644
 0.00110025
 0.00110369
 0.00110701
 0.00111066
 0.00111422
 0.00111697
 0.00112061
 0.00112414
 0.00112741
 0.00113075
 0.00113403
 0.00113741
 0.00114096
 0.00114398
  0.0011472
 0.00114996
 0.00115299
 0.00115578
 0.00115878
  0.0011625
  0.0011653
 0.00116821
 0.00117125
 0.00117458
 0.00117749
 0.00118087
 0.00118399
 0.00118721
  0.0011896
  0.0011924
 0.00119496
 0.00119736
 0.00120016
 0.00120312
 0.00120648
 0.00120909
 0.00121233
  0.0012151
 0.00121718
 0.00122039
 0.00122353
 0.00122604
 0.00122873
 0.00123193
 0.00123514
 0.00123791
 0.00124102
 0.00124376
 0.00124629
 0.00124895
 0.00125164
 0.00125408
 0.00125642
 0.00125867
 0.00126142
  0.0012642
  0.0012667
 0.00126925
 0.00127147
 0.00127399
 0.00127676
 0.00127917
 0.00128217
 0.00128417
 0.00128628
 0.00128845
  0.0012908
 0.00129325
 0.00129632
 0.00129907
 0.00130153
 0.00130486
 0.00130703
 0.00130963
 0.00131259
 0.00131511
 0.00131739
 0.00132058
 0.00132318
 0.00132589
   0.001328
 0.00133029
 0.00133313
 0.00133564
 0.00133829
 0.00134055
 0.00134351
 0.00134621
 0.00134864
 0.00135119
 0.00135364
 0.00135628
 0.00135893
 0.00136091
 0.00136295
 0.00136526
 0.00136786
 0.00137004
  0.0013725
 0.00137418
 0.00137665
 0.00137893
 0.00138089
 0.00138345
   0.001386
 0.00138795
 0.00138999
  0.0013922
 0.00139412
 0.00139628
 0.00139801
 0.00140036
 0.00140242
 0.00140498
 0.00140739
 0.00140931
 0.00141134
  0.0014128
 0.00141587
 0.00141825
 0.00142018
  0.0014219
 0.00142414
 0.00142661
 0.00142864
 0.00143104
 0.00143293
 0.00143525
 0.00143757
 0.00143933
 0.00144114
 0.00144358
 0.00144565
 0.00144837
 0.00145029
 0.00145253
 0.00145498
 0.00145751
 0.00145897
 0.00146115
  0.0014625
 0.00146464
 0.00146672
 0.00146865
 0.00147104
 0.00147277
 0.00147448
 0.00147681
 0.00147848
 0.00147982
 0.00148127
 0.00148318
 0.00148492
 0.00148681
 0.00148864
 0.00149102
 0.00149343
 0.00149514
 0.00149725
 0.00149927
 0.00150108
  0.0015025
 0.00150421
 0.00150559
 0.00150754
 0.00150911
 0.00151146
 0.00151372
 0.00151543
  0.0015171
 0.00151907
 0.00152099
 0.00152199
  0.0015239
 0.00152594
 0.00152747
 0.00152879
 0.00153086
 0.00153228
 0.00153372
 0.00153555
 0.00153696
   0.001539
 0.00154096
 0.00154242
 0.00154408
 0.00154556
 0.00154736
 0.00154903
  0.0015507
  0.0015524
 0.00155378
 0.00155545
 0.00155708
 0.00155994
 0.00156187
 0.00156356
 0.00156564
 0.00156765
 0.00156939
 0.00157108
 0.00157229
 0.00157295
  0.0015747
 0.00157656
 0.00157814
 0.00157949
 0.00158127
 0.00158279
 0.00158455
 0.00158552
 0.00158694
 0.00158867
 0.00159011
 0.00159191
 0.00159368
 0.00159507
 0.00159656
 0.00159808
 0.00159969
  0.0016008
 0.00160268
 0.00160386
 0.00160565
 0.00160733
 0.00160944
 0.00161061
 0.00161211
  0.0016141
 0.00161512
 0.00161621
 0.00161791
 0.00161961
 0.00162123
 0.00162288
 0.00162432
 0.00162584
 0.00162719
 0.00162864
 0.00163045
 0.00163181
  0.0016335
 0.00163438
 0.00163599
 0.00163801
 0.00163901
 0.00164036
 0.00164105
 0.00164188
 0.00164302
 0.00164428
 0.00164537
 0.00164641
 0.00164818
 0.00164921
 0.00165062
 0.00165161
 0.00165307
 0.00165429
 0.00165638
 0.00165805
 0.00165925
 0.00166025
 0.00166188
 0.00166364
 0.00166515
  0.0016662
 0.00166736
  0.0016687
 0.00167005
 0.00167153
 0.00167252
  0.0016739
 0.00167545
 0.00167673
 0.00167784
 0.00167941
 0.00168072
 0.00168148
 0.00168278
 0.00168362
 0.00168444
 0.00168527
 0.00168563
 0.00168699
 0.00168796
  0.0016896
 0.00169064
 0.00169165
 0.00169273
 0.00169438
 0.00169564
 0.00169697
 0.00169831
 0.00169958
 0.00170106
 0.00170219
 0.00170354
 0.00170531
 0.00170658
 0.00170779
 0.00170948
 0.00171077
 0.00171199
 0.00171285
 0.00171406
 0.00171538
 0.00171635
 0.00171757
 0.00171898
 0.00171993
 0.00172112
 0.00172251
 0.00172365
 0.00172452
 0.00172523
 0.00172642
 0.00172793
 0.00172891
 0.00173036
 0.00173208
 0.00173321
 0.00173492
   0.001736
 0.00173734
 0.00173847
 0.00173933
  0.0017406
 0.00174226
 0.00174356
 0.00174441
 0.00174558
 0.00174616
 0.00174728
 0.00174796
 0.00174901
 0.00174998
 0.00175069
 0.00175213
 0.00175344
 0.00175461
 0.00175555
 0.00175652
 0.00175783
 0.00175874
 0.00175914
 0.00176058
 0.00176186
 0.00176318
 0.00176406
 0.00176462
 0.00176578
 0.00176667
 0.00176778
 0.00176956
 0.00177078
 0.00177178
 0.00177314
 0.00177401
 0.00177511
 0.00177629
 0.00177761
 0.00177846
 0.00177978
 0.00178082
 0.00178182
 0.00178277
  0.0017839
 0.00178448
 0.00178557
 0.00178739
 0.00178837
  0.0017896
 0.00179046
 0.00179135
 0.00179233
  0.0017936
 0.00179433
 0.00179518
 0.00179602
 0.00179646
 0.00179767
 0.00179837
 0.00179954
 0.00180022
 0.00180124
 0.00180203
 0.00180325
 0.00180358
 0.00180469
 0.00180601
 0.00180631
 0.00180683
 0.00180809
   0.001809
 0.00180964
 0.00181025
 0.00181162
 0.00181283
 0.00181357
 0.00181462
 0.00181537
  0.0018156
 0.00181621
 0.00181725
 0.00181776
 0.00181839
 0.00181902
 0.00181954
 0.00182081
 0.00182114
 0.00182181
 0.00182301
  0.0018239
 0.00182411
 0.00182542
 0.00182575
 0.00182668
 0.00182752
 0.00182858
  0.0018299
 0.00183136
 0.00183252
  0.0018335
 0.00183435
 0.00183531
 0.00183664
 0.00183822
 0.00183923
 0.00184063
 0.00184159
  0.0018418
 0.00184274
 0.00184391
 0.00184464
 0.00184484
 0.00184558
 0.00184637
 0.00184692
   0.001848
 0.00184841
 0.00184906
 0.00185016
 0.00185107
 0.00185149
 0.00185289
 0.00185338
 0.00185477
 0.00185533
 0.00185617
 0.00185706
 0.00185738
 0.00185849
 0.00185913
 0.00185999
 0.00186119
 0.00186199
  0.0018627
 0.00186366
 0.00186434
 0.00186527
 0.00186602
 0.00186694
 0.00186808
 0.00186913
 0.00186985
 0.00187011
 0.00187069
 0.00187166
 0.00187195
 0.00187293
  0.0018739
  0.0018736
  0.0018745
 0.00187531
 0.00187579
 0.00187681
 0.00187767
 0.00187864
 0.00187976
 0.00187995
 0.00188066
 0.00188106
 0.00188162
 0.00188241
 0.00188323
  0.0018843
 0.00188527
 0.00188605
 0.00188595
 0.00188634
 0.00188676
 0.00188821
 0.00188899
 0.00188999
 0.00189076
 0.00189153
 0.00189244
 0.00189294
 0.00189419
 0.00189512
 0.00189616
 0.00189667
 0.00189746
 0.00189795
 0.00189825
 0.00189894
  0.0018997
 0.00190049
 0.00190122
 0.00190238
 0.00190305
 0.00190356
 0.00190401
 0.00190503
 0.00190577
 0.00190648
 0.00190748
 0.00190826
 0.00190882
 0.00190962
 0.00191024
 0.00191119
  0.0019126
 0.00191347
 0.00191425
 0.00191437
 0.00191477
 0.00191489
 0.00191518
 0.00191569
 0.00191675
   0.001918
 0.00191861
 0.00191927
 0.00192011
 0.00192126
 0.00192222
 0.00192326
   0.001924
 0.00192471
 0.00192519
  0.0019255
 0.00192591
 0.00192699
 0.00192773
 0.00192822
 0.00192949
 0.00193021
 0.00193193
 0.00193332
  0.0019338
 0.00193452
 0.00193561
 0.00193639
 0.00193729
 0.00193735
 0.00193805
 0.00193885
 0.00193988
 0.00194071
 0.00194217
 0.00194324
 0.00194435
 0.00194523
 0.00194536
 0.00194588
 0.00194672
  0.0019478
 0.00194802
  0.0019485
 0.00194867
 0.00195013
 0.00195056
 0.00195082
 0.00195112
 0.00195042
 0.00195074
 0.00195165
 0.00195215
 0.00195346
 0.00195359
 0.00195463
 0.00195515
 0.00195613
 0.00195665
 0.00195773
 0.00195801
 0.00195853
  0.0019592
 0.00195974
 0.00196077
 0.00196072
 0.00196142
 0.00196204
 0.00196276
 0.00196347
 0.00196401
 0.00196518
 0.00196533
 0.00196576
  0.0019662
 0.00196646
 0.00196725
 0.00196707
 0.00196763
 0.00196809
 0.00196857
 0.00196896
 0.00196966
 0.00196993
   0.001971
 0.00197165
  0.0019723
 0.00197264
 0.00197314
   0.001974
 0.00197464
 0.00197532
 0.00197595
  0.0019763
 0.00197667
 0.00197664
 0.00197768
 0.00197864
 0.00197911
 0.00197944
 0.00198004
 0.00198064
  0.0019812
 0.00198245
 0.00198276
 0.00198326
 0.00198348
 0.00198407
 0.00198471
  0.0019856
 0.00198614
 0.00198677
  0.0019877
 0.00198833
 0.00198868
 0.00198923
 0.00199015
 0.00199118
 0.00199108
 0.00199151
 0.00199175
 0.00199252
  0.0019926
 0.00199289
 0.00199354
 0.00199387
 0.00199409
 0.00199452
 0.00199531
 0.00199562
 0.00199596
 0.00199707
 0.00199673
 0.00199736
 0.00199779
 0.00199835
 0.00199906
 0.00199872
 0.00199882
      0.002
 0.00200053
 0.00200093
 0.00200138
 0.00200153
 0.00200271
 0.00200258
 0.00200282
 0.00200298
 0.00200334
  0.0020041
 0.00200464
 0.00200508
 0.00200522
 0.00200584
 0.00200659
  0.0020069
 0.00200801
 0.00200828
 0.00200862
 0.00200946
  0.0020098
 0.00201088
 0.00201083
 0.00201125
 0.00201183
 0.00201264
 0.00201319
  0.0020136
 0.00201423
 0.00201439
 0.00201479
 0.00201537
 0.00201571
 0.00201584
 0.00201623
 0.00201656
 0.00201659
 0.00201692
 0.00201771
 0.00201777
   0.002018
 0.00201804
 0.00201892
 0.00201881
 0.00201865
 0.00201943
 0.00201996
 0.00202036
 0.00202105
 0.00202189
 0.00202268
 0.00202285
 0.00202337
 0.00202383
 0.00202463
 0.00202541
 0.00202581
 0.00202612
 0.00202637
 0.00202699
 0.00202753
 0.00202808
 0.00202873
 0.00202865
 0.00202926
 0.00202996
 0.00203081
 0.00203152
 0.00203151
 0.00203218
 0.00203198
 0.00203223
  0.0020327
 0.00203302
 0.00203311
  0.0020332
 0.00203356
 0.00203395
 0.00203461
 0.00203519
  0.0020359
 0.00203655
 0.00203702
 0.00203789
 0.00203823
 0.00203878
 0.00203848
  0.0020388
 0.00203898
 0.00203989
 0.00204022
 0.00204063
 0.00204081
 0.00204117
 0.00204144
 0.00204198
 0.00204248
 0.00204344
 0.00204425
 0.00204444
 0.00204465
 0.00204508
 0.00204592
  0.0020468
 0.00204715
 0.00204764
 0.00204774
 0.00204811
 0.00204841
 0.00204873
 0.00204914
 0.00204976
 0.00204992
 0.00205046
 0.00205118
 0.00205128
  0.0020517
 0.00205232
 0.00205278
 0.00205287
 0.00205331
 0.00205361
 0.00205375
 0.00205351
 0.00205365
  0.0020537
 0.00205401
 0.00205458
 0.00205496
 0.00205533
 0.00205512
 0.00205567
 0.00205577
 0.00205617
 0.00205608
 0.00205611
 0.00205657
 0.00205696
 0.00205753
 0.00205807
 0.00205922
    0.00206
 0.00206001
 0.00206035
  0.0020607
 0.00206061
 0.00206081
 0.00206123
 0.00206148
 0.00206148
 0.00206227
 0.00206252
 0.00206295
 0.00206306
 0.00206283
 0.00206306
  0.0020635
 0.00206407
 0.00206487
   0.002066
 0.00206635
 0.00206727
 0.00206746
 0.00206828
 0.00206876
 0.00206921
 0.00206946
  0.0020698
 0.00207059
 0.00207098
 0.00207114
 0.00207155
 0.00207245
 0.00207252
 0.00207314
 0.00207383
 0.00207423
 0.00207404
 0.00207436
 0.00207448
 0.00207501
 0.00207584
 0.00207619
 0.00207637
 0.00207658
 0.00207675
 0.00207712
 0.00207773
 0.00207828
 0.00207869
 0.00207915
 0.00207977
 0.00207977
 0.00207953
 0.00207987
  0.0020802
 0.00208078
 0.00208126
 0.00208195
 0.00208173
 0.00208173
 0.00208168
 0.00208186
 0.00208228
 0.00208162
 0.00208237
 0.00208228
 0.00208229
 0.00208248
 0.00208214
 0.00208318
  0.0020838
 0.00208393
  0.0020848
 0.00208476
 0.00208513
   0.002085
  0.0020853
 0.00208596
 0.00208629
 0.00208701
 0.00208704
 0.00208674
 0.00208663
 0.00208733
 0.00208703
 0.00208759
 0.00208872
 0.00208935
 0.00208978
  0.0020896
 0.00208993
 0.00209065
 0.00209127
 0.00209176
 0.00209167
 0.00209193
 0.00209208
 0.00209253
 0.00209345
 0.00209392
 0.00209387
 0.00209422
 0.00209392
 0.00209465
 0.00209488
 0.00209498
 0.00209507
 0.00209582
 0.00209604
  0.0020963
 0.00209593
   0.002096
  0.0020966
 0.00209654
 0.00209643
  0.0020967
 0.00209736
 0.00209766
 0.00209769
 0.00209748
 0.00209807
 0.00209857
 0.00209858
  0.0020991
  0.0020997
 0.00210019
 0.00210012
 0.00210063
 0.00210095
   0.002101
   0.002101
 0.00210113
 0.00210147
 0.00210206
 0.00210284
 0.00210287
 0.00210277
 0.00210321
 0.00210356
 0.00210365
 0.00210374
 0.00210351
 0.00210359
 0.00210351
 0.00210364
 0.00210379
 0.00210411
 0.00210509
 0.00210536
 0.00210584
 0.00210654
 0.00210687
 0.00210729
 0.00210741
 0.00210797
 0.00210841
 0.00210882
 0.00210906
 0.00210916
 0.00210941
 0.00210934
 0.00211003
 0.00211036
 0.00211053
 0.00211131
 0.00211188
 0.00211227
 0.00211242
 0.00211268
 0.00211275
 0.00211334
 0.00211386
 0.00211453
 0.00211484
 0.00211468
 0.00211454
 0.00211464
 0.00211509
 0.00211497
 0.00211489
 0.00211523
 0.00211522
 0.00211555
 0.00211586
 0.00211564
 0.00211595
 0.00211644
  0.0021165
 0.00211659
  0.0021171
 0.00211713
  0.0021175
 0.00211817
 0.00211843
 0.00211869
   0.002119
 0.00212002
 0.00212027
 0.00212001
 0.00212014
 0.00211995
 0.00212008
 0.00211988
 0.00212053
 0.00212127
 0.00212181
 0.00212219
 0.00212255
 0.00212263
 0.00212273
 0.00212263
 0.00212311
 0.00212332
 0.00212379
 0.00212365
  0.0021239
 0.00212398
 0.00212446
 0.00212418
 0.00212467
 0.00212514
 0.00212478
 0.00212483
  0.0021256
 0.00212599
 0.00212583
 0.00212547
 0.00212522
 0.00212584
 0.00212553
  0.0021258
 0.00212618
 0.00212617
 0.00212618
 0.00212614
 0.00212682
   0.002127
 0.00212735
 0.00212834
 0.00212885
 0.00212831
 0.00212843
 0.00212862
 0.00212872
 0.00212885
 0.00212928
 0.00212903
  0.0021297
 0.00212955
 0.00212944
 0.00212959
 0.00213027
 0.00213072
 0.00213101
  0.0021306
 0.00213041
 0.00213083
 0.00213104
  0.0021313
 0.00213207
 0.00213231
 0.00213273
 0.00213308
 0.00213353
 0.00213374
 0.00213442
 0.00213358
 0.00213331
 0.00213299
 0.00213274
 0.00213282
 0.00213274
 0.00213307
 0.00213299
 0.00213292
 0.00213344
 0.00213385
 0.00213436
 0.00213454
 0.00213471
 0.00213581
 0.00213623
 0.00213619
 0.00213623
 0.00213626
 0.00213696
   0.002137
 0.00213675
 0.00213723
 0.00213719
 0.00213765
 0.00213808
 0.00213909
 0.00213964
    0.00214
 0.00213991
 0.00214001
 0.00214075
  0.0021411
 0.00214144
  0.0021419
 0.00214191
 0.00214229
 0.00214232
 0.00214217
  0.0021427
  0.0021432
 0.00214349
 0.00214371
 0.00214424
  0.0021446
  0.0021447
 0.00214517
 0.00214529
 0.00214567
 0.00214654
  0.0021465
 0.00214659
 0.00214643
 0.00214703
 0.00214685
 0.00214675
 0.00214713
 0.00214728
 0.00214728
 0.00214737
 0.00214793
 0.00214816
 0.00214838
 0.00214868
 0.00214874
 0.00214888
 0.00214965
 0.00214943
  0.0021499
 0.00214986
 0.00214994
 0.00215069
 0.00215111
 0.00215211
 0.00215173
 0.00215177
 0.00215264
 0.00215302
  0.0021533
 0.00215357
 0.00215338
  0.0021541
 0.00215433
 0.00215477
   0.002155
 0.00215416
 0.00215422
 0.00215439
 0.00215439
  0.0021547
 0.00215528
 0.00215535
 0.00215525
 0.00215558
 0.00215573
 0.00215657
 0.00215657
 0.00215669
 0.00215695
 0.00215707
 0.00215694
 0.00215713
 0.00215732
 0.00215769
 0.00215818
 0.00215895
 0.00215899
 0.00215886
 0.00215862
 0.00215856
 0.00215895
 0.00215919
 0.00215901
 0.00215916
 0.00215955
 0.00216021
 0.00216083
 0.00216059
 0.00216078
 0.00216085
  0.0021609
 0.00216099
 0.00216096
 0.00216073
 0.00216107
 0.00216075
 0.00216103
 0.00216052
 0.00216062
  0.0021612
 0.00216158
 0.00216244
 0.00216229
 0.00216326
 0.00216336
 0.00216351
 0.00216392
 0.00216375
 0.00216398
 0.00216422
 0.00216426
 0.00216499
 0.00216521
 0.00216551
 0.00216586
  0.0021658
 0.00216549
 0.00216495
 0.00216515
 0.00216548
 0.00216582
 0.00216573
 0.00216585
 0.00216573
 0.00216581
 0.00216656
 0.00216621
 0.00216605
 0.00216628
 0.00216669
 0.00216672
   0.002167
 0.00216715
 0.00216712
 0.00216674
 0.00216712
 0.00216702
 0.00216714
  0.0021673
 0.00216745
 0.00216722
 0.00216682
 0.00216714
 0.00216733
  0.0021674
 0.00216802
  0.0021682
 0.00216831
 0.00216818
  0.0021688
 0.00216875
 0.00216877
 0.00216902
 0.00216975
 0.00216965
 0.00216945
 0.00216911
 0.00216929
 0.00216921
 0.00216933
 0.00216924
 0.00216907
 0.00216977
 0.00217013
 0.00217031
 0.00217094
 0.00217053
  0.0021706
 0.00217089
  0.0021714
 0.00217091
 0.00217148
 0.00217124
 0.00217102
 0.00217169
 0.00217205
 0.00217255
 0.00217249
 0.00217276
 0.00217267
 0.00217303
 0.00217313
 0.00217331
 0.00217374
 0.00217434
 0.00217391
 0.00217445
  0.0021744
 0.00217444
 0.00217494
 0.00217516
  0.0021756
 0.00217587
 0.00217599
 0.00217628
 0.00217653
 0.00217677
 0.00217661
 0.00217683
 0.00217707
 0.00217683
 0.00217675
 0.00217685
 0.00217721
 0.00217705
 0.00217746
 0.00217785
 0.00217805
 0.00217772
 0.00217748
 0.00217762
 0.00217802
 0.00217817
 0.00217829
 0.00217856
   0.002179
 0.00217911
 0.00217864
 0.00217883
 0.00217903
 0.00217862
 0.00217882
 0.00217909
 0.00217935
 0.00217964
 0.00217941
  0.0021795
 0.00218005
 0.00218027
 0.00218081
 0.00218057
 0.00218066
 0.00218019
 0.00218017
 0.00218106
 0.00218085
 0.00218105
  0.0021812
 0.00218183
 0.00218206
 0.00218245
 0.00218216
 0.00218232
 0.00218226
 0.00218276
 0.00218315
 0.00218263
 0.00218258
 0.00218263
 0.00218251
 0.00218268
 0.00218292
 0.00218291
 0.00218307
 0.00218359
 0.00218408
 0.00218386
 0.00218393
 0.00218444
 0.00218447
 0.00218461
 0.00218465
 0.00218474
 0.00218455
 0.00218489
 0.00218543
 0.00218568
  0.0021862
  0.0021858
 0.00218563
 0.00218578
 0.00218621
 0.00218647
 0.00218672
 0.00218703
 0.00218691
 0.00218711
 0.00218794
 0.00218731
 0.00218732
 0.00218763
 0.00218831
 0.00218874
 0.00218861
 0.00218897
 0.00218951
 0.00218946
 0.00219039
 0.00219055
  0.0021904
 0.00219023
 0.00219014
 0.00219024
 0.00219103
 0.00219064
 0.00219161
 0.00219202
 0.00219187
 0.00219189
 0.00219207
 0.00219242
 0.00219237
 0.00219242
 0.00219273
 0.00219285
 0.00219286
 0.00219273
 0.00219285
 0.00219309
 0.00219384
 0.00219405
 0.00219402
 0.00219429
 0.00219433
 0.00219461
 0.00219515
 0.00219528
 0.00219489
 0.00219491
 0.00219517
 0.00219492
 0.00219474
 0.00219447
 0.00219462
 0.00219463
  0.0021946
 0.00219498
 0.00219518
 0.00219564
  0.0021958
 0.00219603
  0.0021961
 0.00219588
 0.00219589
 0.00219567
 0.00219548
 0.00219531
 0.00219517
 0.00219564
 0.00219617
 0.00219662
 0.00219641
  0.0021963
 0.00219627
 0.00219641
 0.00219654
   0.002196
 0.00219633
 0.00219621
 0.00219606
 0.00219559
 0.00219526
 0.00219527
 0.00219521
 0.00219553
 0.00219519
  0.0021953
  0.0021953
 0.00219492
 0.00219531
 0.00219537
 0.00219542
 0.00219527
 0.00219553
 0.00219498
 0.00219494
 0.00219517
 0.00219548
 0.00219548
 0.00219528
 0.00219538
 0.00219611
 0.00219621
 0.00219636
 0.00219642
 0.00219613
 0.00219623
 0.00219602
 0.00219652
  0.0021969
 0.00219706
 0.00219718
 0.00219697
 0.00219731
 0.00219783
 0.00219802
 0.00219759
  0.0021977
 0.00219785
 0.00219859
 0.00219906
 0.00219978
 0.00219989
 0.00220028
 0.00220025
  0.0021999
 0.00220014
 0.00220011
 0.00219964
 0.00220042
 0.00219987
 0.00220014
 0.00220044
 0.00220071
  0.0022009
 0.00220129
 0.00220131
 0.00220115
 0.00220146
 0.00220131
 0.00220159
 0.00220177
 0.00220171
 0.00220155
 0.00220188
 0.00220151
 0.00220136
 0.00220157
 0.00220156
  0.0022018
 0.00220228
 0.00220303
 0.00220306
 0.00220297
 0.00220357
  0.0022038
 0.00220423
 0.00220483
 0.00220436
 0.00220393
 0.00220417
 0.00220474
 0.00220484
 0.00220498
 0.00220449
 0.00220501
 0.00220506
   0.002205
  0.0022048
 0.00220485
 0.00220485
 0.00220509
 0.00220518
 0.00220563
  0.0022053
 0.00220563
 0.00220511
 0.00220456
 0.00220503
 0.00220457
 0.00220439
 0.00220434
  0.0022046
 0.00220481
 0.00220509
 0.00220508
 0.00220567
 0.00220607
 0.00220603
 0.00220568
 0.00220568
 0.00220516
 0.00220499
 0.00220502
 0.00220524
 0.00220499
 0.00220467
 0.00220446
 0.00220415
 0.00220478
 0.00220439
 0.00220449
 0.00220499
 0.00220479
 0.00220477
 0.00220482
 0.00220462
 0.00220529
 0.00220542
 0.00220532
 0.00220539
 0.00220539
  0.0022058
 0.00220538
 0.00220534
 0.00220567
 0.00220625
 0.00220652
 0.00220604
 0.00220599
  0.0022063
  0.0022063
 0.00220583
 0.00220621
 0.00220653
 0.00220646
 0.00220631
 0.00220666
 0.00220708
 0.00220723
 0.00220734
 0.00220752
 0.00220769
 0.00220767
 0.00220739
 0.00220696
 0.00220756
 0.00220716
 0.00220699
 0.00220692
 0.00220729
  0.0022071
 0.00220709
 0.00220708
 0.00220699
 0.00220682
 0.00220718
 0.00220744
 0.00220789
 0.00220798
 0.00220823
 0.00220798
 0.00220798
 0.00220791
 0.00220812
 0.00220847
 0.00220815
 0.00220867
 0.00220871
 0.00220846
 0.00220821
 0.00220874
 0.00220905
  0.0022093
 0.00220922
 0.00220905
 0.00220933
  0.0022092
 0.00220924
 0.00220927
 0.00220957
 0.00220963
 0.00220977
 0.00221002
 0.00221038
  0.0022102
 0.00220998
 0.00220965
 0.00221007
 0.00221009
 0.00220971
 0.00220996
 0.00221094
 0.00221092
 0.00221089
   0.002211
 0.00221099
 0.00221069
 0.00221123
 0.00221106
 0.00221069
 0.00221085
  0.0022105
 0.00221021
 0.00221001
  0.0022097
 0.00220982
 0.00220982
 0.00220923
 0.00220905
 0.00220882
  0.0022094
 0.00220972
 0.00220961
 0.00220974
  0.0022097
 0.00220929
 0.00220886
 0.00220867
 0.00220913
 0.00220944
 0.00220951
 0.00220964
 0.00220978
 0.00220996
 0.00221028
 0.00221023
 0.00221069
 0.00221085
 0.00221127
 0.00221152
 0.00221185
 0.00221205
 0.00221145
 0.00221172
 0.00221157
  0.0022112
 0.00221096
 0.00221094
  0.0022115
 0.00221156
 0.00221178
 0.00221199
 0.00221208
 0.00221233
 0.00221236
 0.00221233
 0.00221305
 0.00221339
 0.00221381
 0.00221351
 0.00221352
 0.00221382
 0.00221418
 0.00221432
 0.00221448
 0.00221431
  0.0022148
 0.00221434
 0.00221437
 0.00221414
 0.00221466
 0.00221525
  0.0022157
 0.00221584
  0.0022165
 0.00221668
 0.00221648
 0.00221594
 0.00221529
 0.00221523
 0.00221555
 0.00221606
 0.00221599
  0.0022164
 0.00221622
 0.00221596
 0.00221591
 0.00221561
 0.00221582
 0.00221593
 0.00221592
 0.00221612
 0.00221593
 0.00221592
 0.00221596
 0.00221639
 0.00221656
 0.00221738
 0.00221747
  0.0022173
 0.00221706
 0.00221739
 0.00221751
 0.00221754
 0.00221729
 0.00221737
 0.00221763
 0.00221767
 0.00221764
  0.0022176
 0.00221849
 0.00221805
 0.00221765
  0.0022177
 0.00221772
 0.00221764
 0.00221777
  0.0022183
 0.00221872
 0.00221905
 0.00221974
 0.00221998
 0.00222001
 0.00221981
 0.00221997
  0.0022197
 0.00221931
 0.00221964
 0.00221946
 0.00221967
 0.00221993
 0.00222015
 0.00221991
  0.0022196
  0.0022193
 0.00221934
 0.00221973
 0.00221949
  0.0022195
 0.00221923
 0.00221939
 0.00221968
 0.00221989
 0.00221983
  0.0022196
 0.00221934
 0.00221909
 0.00221927
 0.00221955
  0.0022199
 0.00221963
 0.00221983
 0.00222047
 0.00222062
  0.0022209
 0.00222074
  0.0022206
  0.0022206
 0.00222098
 0.00222144
 0.00222186
 0.00222197
 0.00222247
  0.0022227
 0.00222272
 0.00222285
 0.00222267
  0.0022225
 0.00222249
 0.00222226
 0.00222232
 0.00222249
 0.00222285
 0.00222343
 0.00222353
 0.00222312
  0.0022229
 0.00222285
 0.00222357
 0.00222394
 0.00222442
 0.00222438
 0.00222429
 0.00222455
 0.00222468
 0.00222452
 0.00222446
 0.00222465
 0.00222391
  0.0022241
 0.00222436
 0.00222477
 0.00222503
 0.00222496
 0.00222409
 0.00222444
  0.0022244
 0.00222454
 0.00222449
 0.00222434
 0.00222447
 0.00222439
 0.00222454
 0.00222437
 0.00222385
 0.00222404
 0.00222414
 0.00222456
  0.0022245
 0.00222428
 0.00222461
 0.00222463
 0.00222482
 0.00222458
 0.00222482
 0.00222498
 0.00222527
 0.00222552
 0.00222557
  0.0022254
 0.00222541
 0.00222537
 0.00222582
 0.00222625
 0.00222603
 0.00222596
 0.00222592
 0.00222682
 0.00222665
  0.0022259
 0.00222595
 0.00222576
 0.00222548
  0.0022255
 0.00222555
 0.00222599
 0.00222619
 0.00222651
 0.00222623
 0.00222624
 0.00222658
 0.00222619
 0.00222592
 0.00222615
 0.00222625
 0.00222597
 0.00222643
 0.00222602
 0.00222543
 0.00222503
 0.00222543
 0.00222581
 0.00222581
 0.00222618
 0.00222605
 0.00222673
 0.00222687
 0.00222722
 0.00222654
 0.00222605
 0.00222609
 0.00222553
 0.00222534
 0.00222536
 0.00222582
 0.00222535
 0.00222565
 0.00222585
 0.00222567
 0.00222529
  0.0022249
 0.00222465
 0.00222542
 0.00222596
  0.0022261
 0.00222579
 0.00222568
 0.00222572
  0.0022254
  0.0022254
 0.00222559
 0.00222493
 0.00222486
 0.00222457
 0.00222469
 0.00222541
   0.002225
 0.00222519
 0.00222484
 0.00222422
 0.00222476
  0.0022254
 0.00222581
 0.00222625
 0.00222658
 0.00222608
 0.00222592
 0.00222633
 0.00222649
 0.00222654
 0.00222636
  0.0022262
 0.00222657
 0.00222733
 0.00222748
 0.00222783
 0.00222799
 0.00222818
 0.00222814
 0.00222775
 0.00222774
 0.00222751
 0.00222697
 0.00222706
 0.00222773
 0.00222773
 0.00222789
 0.00222824
 0.00222867
 0.00222826
  0.0022283
  0.0022281
 0.00222798
 0.00222819
 0.00222842
 0.00222845
 0.00222817
 0.00222809
 0.00222834
 0.00222808
 0.00222803
 0.00222788
 0.00222799
 0.00222777
 0.00222805
 0.00222786
 0.00222734
 0.00222757
 0.00222809
 0.00222825
  0.0022288
 0.00222886
 0.00222948
 0.00222959
 0.00222962
 0.00222968
 0.00222987
 0.00222964
 0.00222949
 0.00222944
 0.00222955
 0.00222945
 0.00222952
 0.00222945
 0.00223009
 0.00222986
 0.00223013
  0.0022308
 0.00223065
 0.00223083
 0.00223086
 0.00223092
 0.00223089
 0.00223074
 0.00223063
 0.00223065
 0.00223084
 0.00223024
 0.00223086
 0.00223083
 0.00223103
  0.0022313
  0.0022315
 0.00223101
 0.00223027
 0.00223037
 0.00223095
 0.00223108
 0.00223122
 0.00223134
 0.00223097
 0.00223093
  0.0022317
 0.00223155
 0.00223227
 0.00223244
 0.00223242
 0.00223219
 0.00223228
 0.00223203
 0.00223179
 0.00223206
 0.00223261
  0.0022327
 0.00223303
 0.00223264
 0.00223231
 0.00223263
 0.00223295
 0.00223246
 0.00223224
 0.00223243
 0.00223222
 0.00223258
 0.00223279
 0.00223334
 0.00223318
 0.00223337
 0.00223275
 0.00223311
 0.00223293
 0.00223282
  0.0022335
 0.00223362
 0.00223393
 0.00223445
 0.00223426
 0.00223436
 0.00223366
 0.00223369
 0.00223347
 0.00223368
 0.00223426
 0.00223412
 0.00223466
 0.00223461
 0.00223421
 0.00223418
 0.00223406
 0.00223426
 0.00223433
 0.00223422
 0.00223459
 0.00223493
 0.00223479
 0.00223521
 0.00223543
 0.00223564
 0.00223549
 0.00223535
 0.00223537
 0.00223493
 0.00223506
 0.00223525
 0.00223513
 0.00223465
 0.00223497
 0.00223523
 0.00223479
 0.00223523
 0.00223509
 0.00223501
 0.00223497
   0.002235
 0.00223508
 0.00223486
 0.00223461
 0.00223444
 0.00223416
 0.00223448
 0.00223423
 0.00223429
 0.00223416
 0.00223366
 0.00223355
 0.00223419
 0.00223415
  0.0022338
 0.00223434
  0.0022343
 0.00223426
 0.00223406
 0.00223416
 0.00223401
 0.00223331
 0.00223313
 0.00223307
 0.00223288
 0.00223301
 0.00223313
 0.00223288
 0.00223318
 0.00223332
  0.0022329
 0.00223329
 0.00223273
 0.00223348
 0.00223363
 0.00223392
 0.00223448
 0.00223487
  0.0022349
 0.00223486
 0.00223522
 0.00223518
 0.00223531
 0.00223534
 0.00223556
 0.00223566
 0.00223608
 0.00223652
 0.00223623
 0.00223592
 0.00223596
 0.00223575
 0.00223594
 0.00223576
 0.00223543
 0.00223591
 0.00223596
 0.00223579
 0.00223563
 0.00223553
 0.00223571
 0.00223531
 0.00223504
  0.0022352
 0.00223517
 0.00223489
 0.00223459
 0.00223525
 0.00223549
 0.00223582
 0.00223492
 0.00223449
 0.00223496
 0.00223462
 0.00223455
 0.00223439
 0.00223449
 0.00223478
 0.00223442
 0.00223475
 0.00223447
 0.00223519
 0.00223501
 0.00223561
 0.00223536
  0.0022352
 0.00223571
 0.00223619
 0.00223666
 0.00223676
  0.0022367
 0.00223643
 0.00223666
  0.0022369
 0.00223729
  0.0022368
 0.00223695
 0.00223662
 0.00223637
 0.00223648
 0.00223675
 0.00223651
 0.00223639
 0.00223695
 0.00223712
 0.00223725
 0.00223749
  0.0022373
  0.0022372
 0.00223712
 0.00223704
 0.00223753
 0.00223813
  0.0022384
 0.00223829
 0.00223826
 0.00223858
  0.0022383
  0.0022381
 0.00223811
 0.00223826
 0.00223795
 0.00223788
 0.00223778
 0.00223729
 0.00223756
 0.00223723
 0.00223709
  0.0022371
 0.00223668
 0.00223624
 0.00223615
 0.00223616
 0.00223623
 0.00223605
 0.00223614
 0.00223592
 0.00223593
 0.00223639
  0.0022364
 0.00223617
 0.00223629
 0.00223629
 0.00223569
  0.0022363
 0.00223641
  0.0022366
  0.0022369
 0.00223726
 0.00223685
  0.0022374
 0.00223783
 0.00223829
 0.00223803
 0.00223779
 0.00223794
 0.00223807
 0.00223831
 0.00223808
 0.00223817
 0.00223737
 0.00223723
 0.00223711
 0.00223723
 0.00223711
 0.00223706
 0.00223705
  0.0022366
 0.00223718
 0.00223784
 0.00223778
  0.0022377
 0.00223786
 0.00223789
  0.0022377
 0.00223757
 0.00223761
 0.00223751
 0.00223736
 0.00223754
 0.00223801
 0.00223798
  0.0022379
 0.00223797
 0.00223807
   0.002238
 0.00223763
  0.0022371
 0.00223681
 0.00223684
 0.00223735
 0.00223766
 0.00223767
 0.00223817
 0.00223818
  0.0022381
 0.00223824
 0.00223815
 0.00223783
 0.00223781
 0.00223793
 0.00223694
 0.00223711
 0.00223711
 0.00223665
 0.00223637
  0.0022362
 0.00223616
 0.00223608
   0.002236
 0.00223555
 0.00223464
 0.00223512
 0.00223455
 0.00223421
 0.00223421
 0.00223397
 0.00223386
 0.00223418
 0.00223365
 0.00223343
 0.00223345
 0.00223381
 0.00223355
 0.00223345
 0.00223343
 0.00223318
 0.00223315
 0.00223332
 0.00223308
 0.00223332
 0.00223324
 0.00223374
 0.00223412
 0.00223391
 0.00223427
 0.00223457
  0.0022349
 0.00223525
 0.00223507
 0.00223535
 0.00223595
 0.00223527
 0.00223536
 0.00223532
  0.0022352
 0.00223444
 0.00223471
 0.00223439
 0.00223483
  0.0022352
 0.00223454
 0.00223447
 0.00223488
 0.00223533
 0.00223542
 0.00223524
 0.00223554
 0.00223536
 0.00223573
  0.0022354
 0.00223592
 0.00223564
 0.00223584
 0.00223562
 0.00223629
 0.00223674
  0.0022369
 0.00223697
 0.00223693
  0.0022371
 0.00223655
 0.00223651
 0.00223657
 0.00223662
 0.00223661
 0.00223667
 0.00223691
 0.00223702
 0.00223685
  0.0022366
   0.002237
 0.00223689
 0.00223681
 0.00223724
 0.00223717
 0.00223716
 0.00223724
 0.00223755
 0.00223791
 0.00223773
 0.00223749
 0.00223738
 0.00223689
 0.00223653
 0.00223675
 0.00223625
 0.00223591
 0.00223624
 0.00223635
 0.00223581
 0.00223519
 0.00223477
 0.00223467
 0.00223489
 0.00223472
 0.00223516
 0.00223552
 0.00223567
 0.00223585
 0.00223572
 0.00223543
 0.00223517
 0.00223518
 0.00223498
 0.00223484
 0.00223463
 0.00223509
 0.00223555
 0.00223516
 0.00223557
 0.00223572
  0.0022356
 0.00223599
 0.00223644
 0.00223694
 0.00223621
 0.00223623
 0.00223622
 0.00223623
 0.00223567
 0.00223545
  0.0022354
 0.00223563
 0.00223533
 0.00223483
 0.00223524
 0.00223481
 0.00223514
 0.00223486
 0.00223424
 0.00223502
 0.00223471
  0.0022347
 0.00223473
 0.00223514
 0.00223479
 0.00223457
 0.00223468
 0.00223497
 0.00223475
 0.00223511
 0.00223511
 0.00223489
 0.00223443
 0.00223427
 0.00223357
 0.00223406
 0.00223449
 0.00223492
 0.00223482
 0.00223522
 0.00223461
 0.00223481
 0.00223418
  0.0022344
 0.00223446
 0.00223512
 0.00223469
  0.0022344
 0.00223468
 0.00223458
 0.00223461
 0.00223459
 0.00223504
 0.00223537
 0.00223509
 0.00223528
 0.00223528
  0.0022348
 0.00223476
 0.00223478
 0.00223503
 0.00223497
 0.00223578
 0.00223584
 0.00223603
 0.00223568
 0.00223605
 0.00223608
 0.00223648
 0.00223666
 0.00223623
 0.00223594
 0.00223572
 0.00223561
 0.00223589
   0.002236
 0.00223626
 0.00223612
 0.00223628
 0.00223627
 0.00223592
 0.00223595
  0.0022359
 0.00223579
  0.0022352
 0.00223548
 0.00223546
 0.00223529
 0.00223571
 0.00223559
 0.00223534
 0.00223524
 0.00223492
 0.00223495
 0.00223492
 0.00223511
 0.00223496
 0.00223489
 0.00223487
 0.00223451
 0.00223444
 0.00223414
 0.00223431
 0.00223431
 0.00223412
 0.00223417
 0.00223402
 0.00223396
  0.0022338
 0.00223339
 0.00223354
  0.0022339
 0.00223333
 0.00223327
 0.00223292
 0.00223287
 0.00223297
 0.00223284
  0.0022324
 0.00223236
 0.00223233
 0.00223267
 0.00223229
 0.00223257
 0.00223245
  0.0022326
 0.00223243
 0.00223291
 0.00223294
 0.00223227
   0.002232
 0.00223244
 0.00223261
 0.00223231
 0.00223205
 0.00223215
 0.00223225
 0.00223197
 0.00223174
 0.00223189
 0.00223231
 0.00223245
  0.0022325
  0.0022323
 0.00223212
  0.0022327
 0.00223226
 0.00223232
 0.00223209
 0.00223216
 0.00223199
 0.00223215
 0.00223184
 0.00223188
 0.00223167
 0.00223156
 0.00223175
 0.00223205
 0.00223158
 0.00223201
 0.00223199
  0.0022321
 0.00223233
 0.00223221
 0.00223234
 0.00223196
 0.00223183
 0.00223198
 0.00223199
 0.00223224
 0.00223267
 0.00223298
 0.00223403
 0.00223348
 0.00223304
 0.00223278
 0.00223313
 0.00223363
 0.00223362
 0.00223367
 0.00223332
 0.00223397
 0.00223355
 0.00223315
 0.00223349
 0.00223313
 0.00223324
 0.00223309
 0.00223302
 0.00223298
 0.00223329
 0.00223283
 0.00223362
  0.0022334
 0.00223311
 0.00223344
 0.00223373
 0.00223383
 0.00223419
 0.00223461
 0.00223424
 0.00223442
 0.00223416
 0.00223437
 0.00223366
 0.00223414
   0.002234
 0.00223408
  0.0022346
 0.00223461
 0.00223429
 0.00223464
 0.00223487
 0.00223498
 0.00223547
 0.00223592
 0.00223643
 0.00223673
 0.00223712
 0.00223734
 0.00223737
  0.0022368
 0.00223619
 0.00223601
 0.00223568
 0.00223523
 0.00223486
 0.00223472
 0.00223452
 0.00223446
 0.00223426
 0.00223413
 0.00223414
 0.00223366
  0.0022337
 0.00223383
  0.0022337
 0.00223382
 0.00223368
 0.00223374
 0.00223365
 0.00223392
 0.00223399
 0.00223329
 0.00223326
 0.00223281
 0.00223301
 0.00223262
 0.00223255
 0.00223245
 0.00223261
  0.0022326
 0.00223227
  0.0022318
  0.0022321
  0.0022318
 0.00223205
  0.0022319
 0.00223165
 0.00223127
 0.00223097
 0.00223147
 0.00223146
 0.00223144
 0.00223188
 0.00223166
 0.00223168
 0.00223193
 0.00223174
 0.00223158
 0.00223141
 0.00223136
 0.00223128
 0.00223142
 0.00223154
 0.00223106
 0.00223122
  0.0022312
 0.00223111
 0.00223109
 0.00223137
   0.002231
 0.00223106
 0.00223079
 0.00223139
  0.0022313
  0.0022312
 0.00223158
 0.00223152
 0.00223156
 0.00223142
 0.00223083
 0.00223092
 0.00223086
 0.00223089
 0.00223073
 0.00223062
 0.00223076
 0.00223113
  0.0022312
 0.00223079
 0.00223118
 0.00223107
  0.0022312
  0.0022311
 0.00223085
 0.00223047
 0.00223054
 0.00223052
 0.00223058
 0.00223014
 0.00223036
 0.00223035
 0.00223033
 0.00223019
  0.0022303
 0.00222993
 0.00223011
 0.00222979
 0.00222996
 0.00223003
 0.00222993
 0.00222933
  0.0022289
 0.00222897
 0.00222849
 0.00222907
 0.00222882
 0.00222888
 0.00222889
 0.00222906
 0.00222956
  0.0022296
 0.00222945
 0.00222909
 0.00222949
 0.00222942
 0.00222929
 0.00222964
 0.00222977
 0.00222982
 0.00223035
  0.0022304
 0.00223058
  0.0022303
 0.00223046
 0.00223023
 0.00222991
 0.00223013
 0.00222969
 0.00222938
 0.00222888
 0.00222931
 0.00222925
 0.00222965
 0.00222963
 0.00223032
  0.0022298
 0.00222932
 0.00222947
 0.00222932
 0.00222943
 0.00222926
 0.00222879
 0.00222923
 0.00222886
 0.00222877
 0.00222853
 0.00222838
 0.00222864
 0.00222905
 0.00222911
 0.00222953
  0.0022296
 0.00222987
 0.00222941
  0.0022296
 0.00223022
 0.00223024
 0.00223002
 0.00223105
 0.00223095
 0.00223084
 0.00223087
  0.0022312
 0.00223088
  0.0022309
 0.00223018
 0.00223017
  0.0022304
 0.00223042
 0.00223016
 0.00222991
 0.00222992
 0.00222965
 0.00222998
  0.0022303
 0.00223066
 0.00223033
 0.00223046
 0.00223066
 0.00223155
 0.00223145
 0.00223134
 0.00223132
 0.00223185
 0.00223234
 0.00223255
  0.0022328
 0.00223233
 0.00223263
  0.0022327
 0.00223263
 0.00223267
 0.00223276
  0.0022328
 0.00223391
 0.00223393
 0.00223375
 0.00223384
  0.0022337
 0.00223354
 0.00223353
 0.00223362
 0.00223347
 0.00223343
 0.00223278
 0.00223304
 0.00223345
 0.00223342
 0.00223359
 0.00223345
 0.00223297
 0.00223342
 0.00223385
 0.00223363
  0.0022333
 0.00223356
 0.00223376
 0.00223387
 0.00223392
 0.00223381
 0.00223328
 0.00223347
 0.00223287
 0.00223228
 0.00223215
 0.00223205
 0.00223217
 0.00223197
 0.00223217
  0.0022317
 0.00223162
 0.00223141
 0.00223125
 0.00223138
 0.00223159
 0.00223192
 0.00223217
 0.00223228
 0.00223267
 0.00223265
  0.0022327
 0.00223324
 0.00223285
 0.00223279
 0.00223332
 0.00223286
 0.00223291
 0.00223297
 0.00223271
 0.00223313
 0.00223374
 0.00223345
 0.00223322
 0.00223307
 0.00223308
 0.00223308
 0.00223314
 0.00223292
 0.00223283
 0.00223317
 0.00223216
 0.00223218
 0.00223232
 0.00223269
 0.00223189
 0.00223157
 0.00223176
 0.00223203
 0.00223198
 0.00223194
 0.00223231
 0.00223214
 0.00223238
 0.00223226
  0.0022323
  0.0022326
 0.00223267
 0.00223287
 0.00223286
 0.00223333
 0.00223276
 0.00223268
 0.00223254
 0.00223275
 0.00223275
 0.00223237
 0.00223245
  0.0022323
 0.00223246
 0.00223283
 0.00223235
 0.00223194
 0.00223179
 0.00223177
 0.00223115
 0.00223096
  0.0022315
 0.00223195
 0.00223215
 0.00223196
 0.00223169
 0.00223183
 0.00223237
 0.00223292
 0.00223258
 0.00223272
 0.00223247
 0.00223236
  0.0022324
 0.00223229
 0.00223274
 0.00223286
 0.00223253
 0.00223277
  0.0022323
 0.00223198
  0.0022321
 0.00223212
 0.00223153
 0.00223209
 0.00223214
 0.00223253
 0.00223269
 0.00223242
 0.00223281
 0.00223286
 0.00223365
 0.00223363
 0.00223348
 0.00223397
 0.00223378
 0.00223429
 0.00223421
 0.00223423
  0.0022347
 0.00223429
 0.00223467
  0.0022346
 0.00223518
 0.00223553
 0.00223499
 0.00223479
 0.00223455
 0.00223446
 0.00223423
 0.00223422
  0.0022344
 0.00223437
  0.0022347
 0.00223469
 0.00223512
  0.0022351
 0.00223563
 0.00223598
 0.00223585
 0.00223635
 0.00223665
 0.00223718
 0.00223764
 0.00223729
  0.0022371
 0.00223684
 0.00223671
 0.00223687
 0.00223664
 0.00223664
 0.00223716
 0.00223686
 0.00223687
 0.00223786
 0.00223808
  0.0022382
 0.00223821
 0.00223874
 0.00223926
 0.00223898
 0.00223815
 0.00223801
 0.00223802
 0.00223887
 0.00223877
 0.00223854
 0.00223802
 0.00223812
 0.00223763
 0.00223767
 0.00223756
 0.00223758
 0.00223716
 0.00223767
 0.00223717
 0.00223678
 0.00223708
 0.00223769
 0.00223765
 0.00223767
  0.0022373
 0.00223703
 0.00223626
 0.00223671
 0.00223654
 0.00223663
 0.00223652
 0.00223711
 0.00223725
 0.00223728
 0.00223704
 0.00223723
 0.00223701
 0.00223691
 0.00223701
 0.00223716
 0.00223726
 0.00223714
 0.00223699
 0.00223678
 0.00223669
 0.00223707
 0.00223789
 0.00223776
 0.00223812
 0.00223793
 0.00223799
 0.00223811
 0.00223853
 0.00223853
 0.00223908
  0.0022391
 0.00223925
 0.00223899
 0.00223852
 0.00223901
 0.00223888
 0.00223917
 0.00223836
 0.00223824
 0.00223838
 0.00223823
 0.00223839
 0.00223878
 0.00223921
  0.0022391
 0.00223919
 0.00223907
 0.00223897
  0.0022388
 0.00223888
 0.00223921
 0.00223929
 0.00223997
 0.00223987
 0.00224057
 0.00224086
 0.00224086
 0.00224069
 0.00224093
  0.0022411
 0.00224088
 0.00224104
 0.00224098
 0.00224091
 0.00224082
 0.00224038
 0.00224083
 0.00224054
 0.00224011
 0.00224025
 0.00224014
 0.00223956
 0.00223939
 0.00223922
 0.00223938
 0.00223983
 0.00224029
  0.0022398
 0.00223973
 0.00223985
 0.00223998
 0.00224001
 0.00223968
 0.00223995
 0.00224051
 0.00224087
 0.00224095
 0.00224095
  0.0022411
 0.00224101
 0.00224068
 0.00224057
 0.00224061
 0.00224037
 0.00224061
 0.00224026
 0.00224032
 0.00224007
 0.00224006
 0.00224075
 0.00224047
 0.00224024
 0.00224042
 0.00224099
 0.00224093
 0.00224123
 0.00224124
 0.00224114
 0.00224112
 0.00224108
 0.00224145
 0.00224106
 0.00224052
 0.00224108
 0.00224082
 0.00224061
 0.00224089
 0.00224039
 0.00224033
 0.00224018
 0.00223999
 0.00223989
 0.00224053
 0.00224075
 0.00224067
 0.00224036
 0.00224051
 0.00224041
 0.00224099
 0.00224107
 0.00224141
 0.00224156
 0.00224109
  0.0022402
 0.00224061
 0.00224067
 0.00224091
 0.00224089
 0.00224088
 0.00224061
 0.00224013
 0.00224068
 0.00224111
  0.0022405
 0.00224102
  0.0022408
 0.00224052
 0.00224054
 0.00224099
 0.00224168
 0.00224184
 0.00224228
 0.00224196
 0.00224211
 0.00224176
 0.00224217
 0.00224235
 0.00224249
  0.0022418
 0.00224191
 0.00224214
 0.00224202
 0.00224157
 0.00224144
 0.00224104
 0.00224068
 0.00224068
 0.00224048
 0.00224011
 0.00224014
 0.00224006
 0.00223995
 0.00223977
 0.00223914
 0.00223892
 0.00223837
 0.00223806
 0.00223803
 0.00223778
 0.00223742
 0.00223753
 0.00223764
 0.00223761
 0.00223792
 0.00223766
 0.00223763
  0.0022379
 0.00223746
 0.00223795
 0.00223788
 0.00223836
 0.00223804
 0.00223795
 0.00223825
 0.00223791
 0.00223779
 0.00223854
  0.0022389
 0.00223858
 0.00223811
 0.00223813
 0.00223853
 0.00223899
 0.00223904
 0.00223934
  0.0022396
  0.0022391
 0.00223928
   0.002239
 0.00223886
 0.00223873
  0.0022388
  0.0022392
  0.0022392
 0.00223887
 0.00223889
 0.00223881
 0.00223849
  0.0022385
  0.0022388
 0.00223859
 0.00223884
 0.00223867
  0.0022384
 0.00223843
 0.00223842
 0.00223876
  0.0022384
 0.00223877
 0.00223937
  0.0022393
 0.00223939
  0.0022391
  0.0022387
 0.00223861
 0.00223891
 0.00223898
 0.00223893
 0.00223903
 0.00223927
 0.00223911
 0.00223906
 0.00223877
 0.00223916
 0.00223883
 0.00223905
 0.00223909
 0.00223921
 0.00223909
 0.00223888
 0.00223902
 0.00223915
 0.00223945
 0.00223943
 0.00223878
 0.00223894
 0.00223894
 0.00223861
 0.00223805
 0.00223783
 0.00223764
 0.00223812
 0.00223864
 0.00223858
  0.0022385
 0.00223877
 0.00223881
 0.00223883
 0.00223852
 0.00223814
 0.00223808
 0.00223799
 0.00223765
 0.00223723
 0.00223751
 0.00223727
 0.00223694
 0.00223684
 0.00223723
  0.0022371
 0.00223637
 0.00223637
 0.00223622
 0.00223612
 0.00223634
  0.0022359
  0.0022361
 0.00223594
 0.00223611
 0.00223664
 0.00223631
 0.00223631
 0.00223632
 0.00223623
 0.00223659
 0.00223612
 0.00223618
 0.00223607
 0.00223576
 0.00223532
 0.00223565
  0.0022359
 0.00223649
 0.00223607
 0.00223574
 0.00223561
 0.00223472
 0.00223454
 0.00223514
 0.00223522
 0.00223556
 0.00223525
 0.00223546
 0.00223505
 0.00223496
 0.00223498
 0.00223486
 0.00223498
 0.00223469
 0.00223479
 0.00223441
  0.0022339
 0.00223393
 0.00223369
 0.00223378
  0.0022344
 0.00223379
 0.00223379
 0.00223394
 0.00223387
 0.00223413
 0.00223464
 0.00223483
 0.00223438
 0.00223433
 0.00223364
 0.00223382
 0.00223373
 0.00223399
 0.00223383
 0.00223406
   0.002234
 0.00223387
 0.00223389
   0.002234
 0.00223435
 0.00223404
   0.002234
 0.00223416
 0.00223357
 0.00223377
  0.0022342
 0.00223415
 0.00223383
 0.00223402
 0.00223383
 0.00223379
 0.00223428
 0.00223454
 0.00223446
 0.00223411
 0.00223415
  0.0022345
 0.00223467
 0.00223445
  0.0022345
 0.00223483
 0.00223505
  0.0022357
 0.00223547
 0.00223522
 0.00223451
 0.00223496
 0.00223504
  0.0022355
 0.00223586
 0.00223549
 0.00223537
 0.00223547
 0.00223544
  0.0022344
 0.00223434
 0.00223452
 0.00223415
 0.00223399
 0.00223342
 0.00223307
 0.00223343
  0.0022335
 0.00223319
 0.00223279
 0.00223323
 0.00223326
 0.00223349
 0.00223315
 0.00223274
 0.00223248
 0.00223292
 0.00223235
 0.00223268
  0.0022327
 0.00223281
 0.00223295
 0.00223341
 0.00223337
 0.00223336
 0.00223329
 0.00223342
 0.00223335
 0.00223336
 0.00223382
 0.00223375
 0.00223352
 0.00223376
  0.0022335
  0.0022335
 0.00223341
 0.00223358
 0.00223363
  0.0022332
 0.00223278
 0.00223265
 0.00223291
 0.00223309
 0.00223363
 0.00223401
 0.00223365
 0.00223413
 0.00223417
 0.00223376
  0.0022338
  0.0022333
 0.00223371
 0.00223381
 0.00223412
 0.00223404
  0.0022341
  0.0022343
  0.0022345
 0.00223477
 0.00223507
 0.00223483
 0.00223495
   0.002235
 0.00223535
 0.00223561
 0.00223549
 0.00223555
 0.00223549
 0.00223541
  0.0022354
 0.00223573
 0.00223562
 0.00223601
 0.00223613
 0.00223604
 0.00223608
 0.00223575
 0.00223607
 0.00223651
 0.00223659
 0.00223691
 0.00223669
 0.00223698
 0.00223657
 0.00223616
 0.00223644
 0.00223672
 0.00223652
 0.00223683
 0.00223671
 0.00223709
 0.00223677
 0.00223741
 0.00223738
 0.00223752
 0.00223752
 0.00223778
 0.00223773
 0.00223751
 0.00223745
 0.00223712
  0.0022369
 0.00223659
 0.00223669
 0.00223676
  0.0022371
 0.00223716
 0.00223664
  0.0022367
 0.00223656
 0.00223706
 0.00223756
 0.00223685
 0.00223623
 0.00223633
 0.00223646
 0.00223645
 0.00223647
 0.00223601
 0.00223619
 0.00223653
 0.00223639
 0.00223648
 0.00223572
  0.0022357
  0.0022351
 0.00223527
 0.00223492
 0.00223513
 0.00223545
  0.0022353
 0.00223559
  0.0022356
 0.00223528
 0.00223553
 0.00223534
 0.00223546
 0.00223508
 0.00223535
 0.00223535
 0.00223505
 0.00223469
 0.00223439
 0.00223413
 0.00223363
 0.00223345
 0.00223361
 0.00223375
 0.00223365
 0.00223385
 0.00223422
 0.00223411
 0.00223392
 0.00223423
 0.00223423
 0.00223436
 0.00223414
 0.00223451
 0.00223447
 0.00223393
 0.00223393
 0.00223418
 0.00223389
 0.00223398
   0.002234
 0.00223367
 0.00223356
 0.00223292
 0.00223314
 0.00223341
 0.00223336
 0.00223328
   0.002233
 0.00223238
 0.00223235
 0.00223261
 0.00223321
 0.00223313
 0.00223365
 0.00223332
 0.00223306
  0.0022332
 0.00223293
 0.00223297
 0.00223277
 0.00223221
 0.00223199
 0.00223204
 0.00223202
 0.00223129
 0.00223076
 0.00223095
 0.00223138
 0.00223188
 0.00223191
 0.00223216
 0.00223194
 0.00223195
 0.00223192
 0.00223211
 0.00223193
 0.00223171
 0.00223141
 0.00223131
 0.00223184
 0.00223174
 0.00223224
 0.00223222
 0.00223211
 0.00223193
  0.0022317
 0.00223178
 0.00223119
  0.0022311
 0.00223189
 0.00223203
 0.00223244
 0.00223261
 0.00223252
 0.00223251
 0.00223227
 0.00223229
 0.00223202
 0.00223202
 0.00223262
 0.00223235
 0.00223161
 0.00223141
 0.00223141
 0.00223163
  0.0022322
 0.00223207
 0.00223186
 0.00223194
 0.00223188
 0.00223189
 0.00223187
 0.00223168
 0.00223177
 0.00223157
 0.00223182
 0.00223186
 0.00223176
  0.0022318
 0.00223147
 0.00223123
 0.00223097
 0.00223062
 0.00223051
 0.00223041
 0.00223057
  0.0022308
 0.00223077
 0.00223032
 0.00223076
 0.00223075
 0.00223093
 0.00223101
 0.00223141
 0.00223131
 0.00223139
 0.00223154
 0.00223165
 0.00223136
 0.00223165
 0.00223178
 0.00223236
 0.00223222
 0.00223229
 0.00223219
 0.00223191
  0.0022318
 0.00223203
 0.00223197
 0.00223151
 0.00223156
 0.00223145
 0.00223113
 0.00223114
 0.00223092
 0.00223143
 0.00223174
 0.00223162
  0.0022318
 0.00223181
 0.00223154
 0.00223152
 0.00223168
 0.00223149
  0.0022314
 0.00223179
 0.00223188
 0.00223157
 0.00223181
 0.00223156
 0.00223179
 0.00223212
 0.00223214
  0.0022324
 0.00223241
 0.00223251
 0.00223246
 0.00223252
 0.00223255
 0.00223249
 0.00223233
  0.0022326
 0.00223234
 0.00223241
 0.00223267
 0.00223311
 0.00223285
 0.00223279
 0.00223255
 0.00223267
 0.00223299
 0.00223306
 0.00223282
 0.00223312
 0.00223323
 0.00223317
 0.00223335
 0.00223368
 0.00223321
 0.00223375
 0.00223355
 0.00223381
 0.00223402
 0.00223432
 0.00223433
 0.00223434
 0.00223452
 0.00223485
  0.0022348
 0.00223493
 0.00223464
 0.00223422
 0.00223452
  0.0022342
 0.00223379
 0.00223357
 0.00223334
 0.00223325
 0.00223338
 0.00223344
 0.00223364
 0.00223421
 0.00223446
 0.00223442
 0.00223401
 0.00223409
 0.00223391
 0.00223413
 0.00223431
 0.00223382
 0.00223348
 0.00223352
 0.00223367
 0.00223298
 0.00223284
 0.00223307
 0.00223273
 0.00223244
 0.00223208
 0.00223172
 0.00223218
 0.00223239
 0.00223222
 0.00223197
 0.00223232
 0.00223252
 0.00223251
 0.00223207
  0.0022322
 0.00223206
 0.00223208
 0.00223148
 0.00223126
  0.0022307
 0.00223082
 0.00223069
 0.00223063
  0.0022301
 0.00222994
 0.00222996
 0.00223043
 0.00223012
 0.00223057
 0.00223103
 0.00223087
 0.00223113
 0.00223137
 0.00223141
 0.00223086
 0.00223118
 0.00223145
 0.00223134
 0.00223121
 0.00223124
 0.00223097
 0.00223128
 0.00223173
 0.00223168
 0.00223166
 0.00223185
 0.00223201
 0.00223214
 0.00223277
 0.00223324
 0.00223318
 0.00223357
 0.00223336
 0.00223339
 0.00223319
 0.00223296
 0.00223315
  0.0022336
 0.00223385
 0.00223406
 0.00223394
 0.00223408
 0.00223389
  0.0022335
 0.00223412
 0.00223398
 0.00223407
 0.00223406
 0.00223364
  0.0022334
 0.00223345
 0.00223365
 0.00223379
 0.00223368
 0.00223317
 0.00223342
 0.00223361
 0.00223394
 0.00223413
 0.00223372
 0.00223371
 0.00223412
 0.00223424
 0.00223472
 0.00223542
 0.00223503
 0.00223498
  0.0022347
 0.00223445
 0.00223471
 0.00223466
 0.00223491
 0.00223446
 0.00223457
 0.00223435
 0.00223425
 0.00223388
 0.00223432
  0.0022342
 0.00223427
 0.00223447
 0.00223478
 0.00223454
  0.0022344
 0.00223464
 0.00223492
 0.00223523
 0.00223525
 0.00223512
 0.00223454
 0.00223482
 0.00223471
 0.00223474
 0.00223437
 0.00223478
 0.00223487
 0.00223461
 0.00223477
 0.00223456
 0.00223483
 0.00223483
 0.00223494
 0.00223502
 0.00223528
 0.00223552
 0.00223555
 0.00223483
 0.00223474
 0.00223441
 0.00223442
 0.00223448
 0.00223444
 0.00223451
 0.00223453
 0.00223561
 0.00223545
 0.00223567
 0.00223586
 0.00223577
 0.00223553
  0.0022356
 0.00223513
 0.00223522
 0.00223541
 0.00223611
   0.002236
 0.00223604
 0.00223656
 0.00223675
 0.00223687
 0.00223633
 0.00223581
 0.00223584
 0.00223609
 0.00223673
 0.00223624
 0.00223599
 0.00223572
 0.00223546
  0.0022347
 0.00223477
 0.00223488
 0.00223465
 0.00223461
 0.00223451
 0.00223479
 0.00223463
 0.00223466
 0.00223449
 0.00223415
 0.00223413
 0.00223359
 0.00223358
 0.00223335
 0.00223326
 0.00223382
 0.00223388
 0.00223403
 0.00223391
 0.00223361
 0.00223402
 0.00223411
 0.00223426
 0.00223427
  0.0022347
  0.0022346
 0.00223445
 0.00223455
 0.00223387
 0.00223414
 0.00223388
 0.00223417
 0.00223391
 0.00223424
 0.00223416
 0.00223437
  0.0022343
 0.00223406
 0.00223413
 0.00223415
 0.00223438
 0.00223366
 0.00223395
 0.00223358
 0.00223355
 0.00223276
 0.00223296
 0.00223309
 0.00223278
 0.00223265
 0.00223315
 0.00223295
 0.00223318
 0.00223364
 0.00223385
 0.00223392
 0.00223363
 0.00223357
 0.00223388
 0.00223372
 0.00223372
 0.00223395
 0.00223363
 0.00223431
 0.00223456
 0.00223449
  0.0022344
 0.00223438
 0.00223477
 0.00223451
  0.0022348
 0.00223497
 0.00223526
 0.00223498
 0.00223483
 0.00223503
 0.00223532
 0.00223513
 0.00223479
 0.00223487
 0.00223517
   0.002235
 0.00223495
 0.00223511
 0.00223514
 0.00223472
 0.00223477
 0.00223542
 0.00223546
  0.0022353
 0.00223509
 0.00223547
 0.00223534
 0.00223599
 0.00223603
 0.00223624
 0.00223675
  0.0022368
  0.0022366
 0.00223653
 0.00223681
 0.00223702
 0.00223781
 0.00223751
 0.00223761
 0.00223727
 0.00223758
 0.00223789
  0.0022377
 0.00223772
 0.00223806
 0.00223772
 0.00223744
 0.00223739
 0.00223748
 0.00223772
 0.00223758
 0.00223806
 0.00223809
 0.00223918
 0.00223925
 0.00223902
 0.00223883
 0.00223861
 0.00223797
 0.00223749
 0.00223737
 0.00223739
 0.00223759
 0.00223804
 0.00223826
 0.00223796
 0.00223752
 0.00223761
 0.00223769
 0.00223766
 0.00223769
 0.00223763
 0.00223775
 0.00223768
 0.00223714
 0.00223774
 0.00223784
 0.00223784
 0.00223785
 0.00223747
 0.00223733
 0.00223726
 0.00223748
 0.00223755
 0.00223739
 0.00223741
 0.00223807
 0.00223788
 0.00223859
 0.00223886
 0.00223885
 0.00223823
 0.00223849
 0.00223864
 0.00223864
 0.00223872
 0.00223878
 0.00223879
 0.00223865
  0.0022381
 0.00223802
  0.0022379
 0.00223892
 0.00223928
 0.00223879
  0.0022388
  0.0022392
 0.00223898
 0.00223909
   0.002239
 0.00223931
 0.00223966
 0.00223999
 0.00223993
 0.00223985
  0.0022394
 0.00223956
 0.00223966
 0.00224037
  0.0022403
  0.0022404
 0.00224051
 0.00224037
  0.0022412
 0.00224057
 0.00224016
 0.00224016
 0.00223985
 0.00223993
 0.00223977
 0.00223981
 0.00223959
 0.00224016
 0.00224085
 0.00224123
 0.00224141
 0.00224097
 0.00224057
 0.00224065
 0.00224043
 0.00224045
 0.00223987
 0.00223979
 0.00223964
 0.00224003
 0.00223997
 0.00224002
 0.00224008
 0.00224028
 0.00224024
 0.00224007
 0.00223935
 0.00223933
 0.00223915
 0.00223839
 0.00223829
 0.00223823
 0.00223895
 0.00223868
 0.00223879
 0.00223886
 0.00223919
 0.00223928
  0.0022395
 0.00223946
 0.00223932
 0.00223978
 0.00223924
 0.00223894
 0.00223928
 0.00223937
 0.00223924
 0.00223942
 0.00223932
  0.0022389
 0.00223946
 0.00223916
 0.00223976
 0.00223949
 0.00223937
 0.00223981
 0.00224021
 0.00224026
 0.00223952
 0.00223985
 0.00223972
 0.00223911
 0.00223923
 0.00223877
 0.00223922
 0.00223914
 0.00223935
 0.00223905
 0.00223856
 0.00223857
 0.00223874
 0.00223909
 0.00223889
 0.00223861
 0.00223859
 0.00223878
  0.0022386
 0.00223844
 0.00223816
 0.00223795
 0.00223794
 0.00223766
 0.00223807
  0.0022377
  0.0022375
 0.00223768
 0.00223826
 0.00223859
 0.00223826
 0.00223873
 0.00223861
 0.00223853
 0.00223854
 0.00223895
 0.00223891
 0.00223924
 0.00223931
 0.00224003
 0.00223997
 0.00223982
 0.00223972
 0.00223963
 0.00223906
 0.00223928
  0.0022393
 0.00223857
 0.00223859
 0.00223865
 0.00223846
 0.00223849
 0.00223828
 0.00223791
 0.00223837
 0.00223861
 0.00223862
 0.00223852
 0.00223887
 0.00223914
 0.00223925
  0.0022386
 0.00223862
 0.00223841
  0.0022389
  0.0022388
 0.00223869
 0.00223883
 0.00223836
 0.00223847
 0.00223846
 0.00223894
 0.00223882
 0.00223875
 0.00223866
 0.00223898
 0.00223919
 0.00223976
 0.00223936
 0.00223989
 0.00223988
  0.0022399
 0.00224008
 0.00224067
  0.0022413
 0.00224035
 0.00223977
 0.00223975
 0.00223981
 0.00224014
  0.0022401
 0.00223984
 0.00223951
    0.00224
 0.00223978
 0.00223981
 0.00223959
 0.00223925
 0.00223902
 0.00223852
 0.00223849
 0.00223851
 0.00223914
 0.00223923
 0.00223953
 0.00223942
 0.00223904
 0.00223872
 0.00223858
 0.00223837
 0.00223857
 0.00223897
  0.0022386
 0.00223888
 0.00223883
 0.00223944
  0.0022397
 0.00223957
 0.00223968
 0.00223954
 0.00223875
 0.00223826
 0.00223756
 0.00223787
 0.00223788
 0.00223772
 0.00223752
 0.00223762
 0.00223747
 0.00223713
 0.00223682
 0.00223632
 0.00223646
 0.00223627
 0.00223631
 0.00223638
 0.00223659
 0.00223627
 0.00223638
 0.00223615
 0.00223622
 0.00223626
 0.00223643
 0.00223674
 0.00223683
 0.00223682
 0.00223703
 0.00223767
 0.00223754
 0.00223778
 0.00223818
 0.00223835
 0.00223829
 0.00223869
 0.00223897
 0.00223917
 0.00223875
 0.00223898
 0.00223853
 0.00223835
 0.00223828
 0.00223801
 0.00223762
 0.00223821
 0.00223817
  0.0022384
   0.002238
 0.00223798
 0.00223809
 0.00223854
 0.00223818
 0.00223838
 0.00223833
 0.00223815
 0.00223826
 0.00223861
 0.00223827
 0.00223844
 0.00223876
 0.00223867
 0.00223825
 0.00223875
 0.00223871
 0.00223918
 0.00223939
 0.00223879
 0.00223895
 0.00223865
 0.00223835
 0.00223858
 0.00223858
 0.00223833
 0.00223838
 0.00223833
 0.00223825
 0.00223796
 0.00223819
 0.00223828
  0.0022385
 0.00223894
 0.00223937
 0.00223882
 0.00223898
 0.00223898
 0.00223923
 0.00223931
 0.00223943
 0.00223921
 0.00223905
 0.00223951
  0.0022391
 0.00223962
 0.00223947
  0.0022396
 0.00223937
 0.00223961
 0.00223888
  0.0022391
 0.00223844
 0.00223877
 0.00223939
 0.00223956
 0.00224011
 0.00223985
 0.00223963
 0.00223969
 0.00223912
 0.00223949
 0.00223944
 0.00223937
 0.00223952
 0.00224019
  0.0022404
 0.00224012
 0.00224065
 0.00224028
 0.00224016
 0.00223984
  0.0022391
 0.00223958
 0.00223953
 0.00223918
 0.00223877
 0.00223834
 0.00223819
 0.00223804
 0.00223818
  0.0022381
 0.00223747
 0.00223766
 0.00223741
 0.00223737
 0.00223776
  0.0022375
 0.00223748
 0.00223795
  0.0022381
 0.00223801
 0.00223794
 0.00223795
 0.00223796
 0.00223835
 0.00223822
 0.00223816
 0.00223837
 0.00223821
 0.00223815
 0.00223781
 0.00223753
 0.00223771
 0.00223761
 0.00223769
 0.00223771
 0.00223793
 0.00223806
  0.0022381
 0.00223871
 0.00223892
 0.00223876
 0.00223872
 0.00223834
 0.00223844
  0.0022384
 0.00223833
 0.00223856
  0.0022388
 0.00223874
 0.00223876
 0.00223864
 0.00223824
 0.00223828
 0.00223811
 0.00223864
  0.0022385
 0.00223826
  0.0022383
 0.00223841
 0.00223816
 0.00223771
  0.0022376
 0.00223779
   0.002238
 0.00223814
 0.00223829
 0.00223783
 0.00223768
 0.00223845
 0.00223803
 0.00223804
 0.00223788
 0.00223751
 0.00223715
 0.00223747
 0.00223742
 0.00223756
 0.00223745
 0.00223817
 0.00223815
 0.00223854
 0.00223871
 0.00223916
 0.00223922
 0.00223909
 0.00223955
 0.00223986
 0.00223959
 0.00223935
 0.00223948
 0.00223928
 0.00223926
 0.00223976
 0.00223987
 0.00223996
 0.00224018
 0.00224005
 0.00224015
 0.00224022
 0.00223999
 0.00224028
 0.00224028
 0.00224049
 0.00224054
 0.00224054
 0.00224057
 0.00224073
 0.00224088
 0.00224133
 0.00224142
 0.00224158
 0.00224164
 0.00224213
 0.00224238
 0.00224167
 0.00224177
  0.0022422
 0.00224228
 0.00224198
 0.00224218
 0.00224233
 0.00224231
 0.00224258
 0.00224273
 0.00224232
 0.00224216
 0.00224228
 0.00224209
 0.00224217
 0.00224207
 0.00224231
 0.00224245
 0.00224251
 0.00224323
 0.00224344
 0.00224365
 0.00224351
 0.00224323
   0.002243
 0.00224261
 0.00224263
 0.00224259
 0.00224288
 0.00224258
 0.00224322
  0.0022426
 0.00224231
 0.00224185
 0.00224192
 0.00224143
 0.00224177
  0.0022418
  0.0022423
 0.00224155
 0.00224151
 0.00224141
 0.00224143
 0.00224171
 0.00224182
 0.00224201
 0.00224209
 0.00224212
 0.00224212
  0.0022422
 0.00224188
 0.00224177
 0.00224157
 0.00224198
 0.00224181
 0.00224208
 0.00224159
 0.00224122
 0.00224112
   0.002241
 0.00224131
  0.0022414
  0.0022411
 0.00224096
 0.00224112
 0.00224147
 0.00224071
 0.00224092
 0.00224113
 0.00224093
 0.00224071
 0.00224111
 0.00224163
 0.00224147
 0.00224128
 0.00224158
 0.00224166
 0.00224144
 0.00224099
 0.00224092
  0.0022409
 0.00224096
 0.00224142
 0.00224132
 0.00224175
 0.00224114
 0.00224068
 0.00224106
 0.00224082
 0.00224101
 0.00224123
 0.00224083
 0.00224055
 0.00224084
   0.002241
 0.00224064
 0.00224021
 0.00224025
 0.00223988
 0.00223932
 0.00223944
 0.00223934
 0.00223952
 0.00223989
 0.00224007
 0.00224057
 0.00224067
 0.00224081
 0.00224053
 0.00224077
 0.00224103
 0.00224125
 0.00224176
 0.00224156
 0.00224151
  0.0022414
  0.0022413
  0.0022413
 0.00224128
 0.00224026
  0.0022405
 0.00224082
 0.00224112
 0.00224089
 0.00224087
 0.00224115
 0.00224113
 0.00224121
 0.00224163
 0.00224202
 0.00224225
 0.00224209
 0.00224193
 0.00224197
 0.00224123
 0.00224092
 0.00224139
 0.00224123
 0.00224139
  0.0022412
 0.00224146
 0.00224109
 0.00224115
 0.00224145
 0.00224149
 0.00224128
 0.00224165
 0.00224131
 0.00224128
 0.00224077
 0.00224067
 0.00224053
  0.0022405
 0.00224066
  0.0022408
 0.00224076
 0.00224084
 0.00224071
 0.00224066
 0.00223999
  0.0022399
 0.00224015
 0.00223964
 0.00224004
 0.00224012
 0.00224001
 0.00223978
  0.0022394
 0.00223938
 0.00223928
 0.00223926
 0.00223953
 0.00223905
  0.0022387
 0.00223876
 0.00223891
 0.00223856
 0.00223804
 0.00223868
 0.00223903
 0.00223882
 0.00223883
 0.00223889
 0.00223857
 0.00223897
 0.00223931
  0.0022397
  0.0022395
 0.00223893
 0.00223873
 0.00223897
 0.00223887
 0.00223835
 0.00223769
 0.00223861
 0.00223825
 0.00223846
 0.00223785
  0.0022379
 0.00223766
 0.00223752
 0.00223781
 0.00223763
 0.00223712
 0.00223792
 0.00223849
 0.00223851
 0.00223812
 0.00223783
 0.00223768
 0.00223774
 0.00223733
 0.00223722
  0.0022374
 0.00223748
 0.00223794
 0.00223788
 0.00223755
 0.00223762
 0.00223728
 0.00223721
 0.00223702
 0.00223778
 0.00223776
 0.00223771
 0.00223781
 0.00223809
  0.0022383
  0.0022389
 0.00223896
 0.00223879
 0.00223836
 0.00223849
 0.00223854
 0.00223842
  0.0022387
 0.00223899
 0.00223854
 0.00223823
 0.00223804
 0.00223813
 0.00223797
 0.00223777
 0.00223759
 0.00223753
 0.00223806
 0.00223887
 0.00223893
  0.0022386
 0.00223905
 0.00223858
 0.00223846
 0.00223833
 0.00223845
 0.00223821
 0.00223813
 0.00223801
 0.00223821
 0.00223785
 0.00223779
  0.0022378
 0.00223803
 0.00223762
 0.00223739
 0.00223732
  0.0022376
 0.00223757
 0.00223781
 0.00223805
 0.00223785
 0.00223748
 0.00223737
 0.00223774
 0.00223766
 0.00223787
  0.0022376
 0.00223782
 0.00223792
  0.0022378
 0.00223751
 0.00223733
 0.00223717
 0.00223669
 0.00223642
 0.00223615
 0.00223613
 0.00223584
 0.00223607
  0.0022359
 0.00223604
 0.00223582
 0.00223578
 0.00223569
 0.00223593
  0.0022357
 0.00223555
  0.0022359
 0.00223609
 0.00223665
 0.00223658
 0.00223711
   0.002237
 0.00223637
 0.00223662
 0.00223654
 0.00223666
 0.00223715
 0.00223751
 0.00223806
  0.0022379
 0.00223806
 0.00223783