        0
0.0010002
0.0020004
0.0030006
0.0040008
 0.005001
0.0060012
0.0070014
0.0080016
0.0090018
 0.010002
0.0110022
0.0120024
0.0130026
0.0140028
 0.015003
0.0160032
0.0170034
0.0180036
0.0190038
 0.020004
0.0210042
0.0220044
0.0230046
0.0240048
 0.025005
0.0260052
0.0270054
0.0280056
0.0290058
 0.030006
0.0310062
0.0320064
0.0330066
0.0340068
 0.035007
0.0360072
0.0370074
0.0380076
0.0390078
 0.040008
0.0410082
0.0420084
0.0430086
0.0440088
 0.045009
0.0460092
0.0470094
0.0480096
0.0490098
  0.05001
0.0510102
0.0520104
0.0530106
0.0540108
 0.055011
0.0560112
0.0570114
0.0580116
0.0590118
 0.060012
0.0610122
0.0620124
0.0630126
0.0640128
 0.065013
0.0660132
0.0670134
0.0680136
0.0690138
 0.070014
0.0710142
0.0720144
0.0730146
0.0740148
 0.075015
0.0760152
0.0770154
0.0780156
0.0790158
 0.080016
0.0810162
0.0820164
0.0830166
0.0840168
 0.085017
0.0860172
0.0870174
0.0880176
0.0890178
 0.090018
0.0910182
0.0920184
0.0930186
0.0940188
 0.095019
0.0960192
0.0970194
0.0980196
0.0990198
  0.10002
  0.10102
  0.10202
 0.103021
 0.104021
 0.105021
 0.106021
 0.107021
 0.108022
 0.109022
 0.110022
 0.111022
 0.112022
 0.113023
 0.114023
 0.115023
 0.116023
 0.117023
 0.118024
 0.119024
 0.120024
 0.121024
 0.122024
 0.123025
 0.124025
 0.125025
 0.126025
 0.127025
 0.128026
 0.129026
 0.130026
 0.131026
 0.132026
 0.133027
 0.134027
 0.135027
 0.136027
 0.137027
 0.138028
 0.139028
 0.140028
 0.141028
 0.142028
 0.143029
 0.144029
 0.145029
 0.146029
 0.147029
  0.14803
  0.14903
  0.15003
  0.15103
  0.15203
 0.153031
 0.154031
 0.155031
 0.156031
 0.157031
 0.158032
 0.159032
 0.160032
 0.161032
 0.162032
 0.163033
 0.164033
 0.165033
 0.166033
 0.167033
 0.168034
 0.169034
 0.170034
 0.171034
 0.172034
 0.173035
 0.174035
 0.175035
 0.176035
 0.177035
 0.178036
 0.179036
 0.180036
 0.181036
 0.182036
 0.183037
 0.184037
 0.185037
 0.186037
 0.187037
 0.188038
 0.189038
 0.190038
 0.191038
 0.192038
 0.193039
 0.194039
 0.195039
 0.196039
 0.197039
  0.19804
  0.19904
  0.20004
  0.20104
  0.20204
 0.203041
 0.204041
 0.205041
 0.206041
 0.207041
 0.208042
 0.209042
 0.210042
 0.211042
 0.212042
 0.213043
 0.214043
 0.215043
 0.216043
 0.217043
 0.218044
 0.219044
 0.220044
 0.221044
 0.222044
 0.223045
 0.224045
 0.225045
 0.226045
 0.227045
 0.228046
 0.229046
 0.230046
 0.231046
 0.232046
 0.233047
 0.234047
 0.235047
 0.236047
 0.237047
 0.238048
 0.239048
 0.240048
 0.241048
 0.242048
 0.243049
 0.244049
 0.245049
 0.246049
 0.247049
  0.24805
  0.24905
  0.25005
  0.25105
  0.25205
 0.253051
 0.254051
 0.255051
 0.256051
 0.257051
 0.258052
 0.259052
 0.260052
 0.261052
 0.262052
 0.263053
 0.264053
 0.265053
 0.266053
 0.267053
 0.268054
 0.269054
 0.270054
 0.271054
 0.272054
 0.273055
 0.274055
 0.275055
 0.276055
 0.277055
 0.278056
 0.279056
 0.280056
 0.281056
 0.282056
 0.283057
 0.284057
 0.285057
 0.286057
 0.287057
 0.288058
 0.289058
 0.290058
 0.291058
 0.292058
 0.293059
 0.294059
 0.295059
 0.296059
 0.297059
  0.29806
  0.29906
  0.30006
  0.30106
  0.30206
 0.303061
 0.304061
 0.305061
 0.306061
 0.307061
 0.308062
 0.309062
 0.310062
 0.311062
 0.312062
 0.313063
 0.314063
 0.315063
 0.316063
 0.317063
 0.318064
 0.319064
 0.320064
 0.321064
 0.322064
 0.323065
 0.324065
 0.325065
 0.326065
 0.327065
 0.328066
 0.329066
 0.330066
 0.331066
 0.332066
 0.333067
 0.334067
 0.335067
 0.336067
 0.337067
 0.338068
 0.339068
 0.340068
 0.341068
 0.342068
 0.343069
 0.344069
 0.345069
 0.346069
 0.347069
  0.34807
  0.34907
  0.35007
  0.35107
  0.35207
 0.353071
 0.354071
 0.355071
 0.356071
 0.357071
 0.358072
 0.359072
 0.360072
 0.361072
 0.362072
 0.363073
 0.364073
 0.365073
 0.366073
 0.367073
 0.368074
 0.369074
 0.370074
 0.371074
 0.372074
 0.373075
 0.374075
 0.375075
 0.376075
 0.377075
 0.378076
 0.379076
 0.380076
 0.381076
 0.382076
 0.383077
 0.384077
 0.385077
 0.386077
 0.387077
 0.388078
 0.389078
 0.390078
 0.391078
 0.392078
 0.393079
 0.394079
 0.395079
 0.396079
 0.397079
  0.39808
  0.39908
  0.40008
  0.40108
  0.40208
 0.403081
 0.404081
 0.405081
 0.406081
 0.407081
 0.408082
 0.409082
 0.410082
 0.411082
 0.412082
 0.413083
 0.414083
 0.415083
 0.416083
 0.417083
 0.418084
 0.419084
 0.420084
 0.421084
 0.422084
 0.423085
 0.424085
 0.425085
 0.426085
 0.427085
 0.428086
 0.429086
 0.430086
 0.431086
 0.432086
 0.433087
 0.434087
 0.435087
 0.436087
 0.437087
 0.438088
 0.439088
 0.440088
 0.441088
 0.442088
 0.443089
 0.444089
 0.445089
 0.446089
 0.447089
  0.44809
  0.44909
  0.45009
  0.45109
  0.45209
 0.453091
 0.454091
 0.455091
 0.456091
 0.457091
 0.458092
 0.459092
 0.460092
 0.461092
 0.462092
 0.463093
 0.464093
 0.465093
 0.466093
 0.467093
 0.468094
 0.469094
 0.470094
 0.471094
 0.472094
 0.473095
 0.474095
 0.475095
 0.476095
 0.477095
 0.478096
 0.479096
 0.480096
 0.481096
 0.482096
 0.483097
 0.484097
 0.485097
 0.486097
 0.487097
 0.488098
 0.489098
 0.490098
 0.491098
 0.492098
 0.493099
 0.494099
 0.495099
 0.496099
 0.497099
   0.4981
   0.4991
   0.5001
   0.5011
   0.5021
 0.503101
 0.504101
 0.505101
 0.506101
 0.507101
 0.508102
 0.509102
 0.510102
 0.511102
 0.512102
 0.513103
 0.514103
 0.515103
 0.516103
 0.517103
 0.518104
 0.519104
 0.520104
 0.521104
 0.522104
 0.523105
 0.524105
 0.525105
 0.526105
 0.527105
 0.528106
 0.529106
 0.530106
 0.531106
 0.532106
 0.533107
 0.534107
 0.535107
 0.536107
 0.537107
 0.538108
 0.539108
 0.540108
 0.541108
 0.542108
 0.543109
 0.544109
 0.545109
 0.546109
 0.547109
  0.54811
  0.54911
  0.55011
  0.55111
  0.55211
 0.553111
 0.554111
 0.555111
 0.556111
 0.557111
 0.558112
 0.559112
 0.560112
 0.561112
 0.562112
 0.563113
 0.564113
 0.565113
 0.566113
 0.567113
 0.568114
 0.569114
 0.570114
 0.571114
 0.572114
 0.573115
 0.574115
 0.575115
 0.576115
 0.577115
 0.578116
 0.579116
 0.580116
 0.581116
 0.582116
 0.583117
 0.584117
 0.585117
 0.586117
 0.587117
 0.588118
 0.589118
 0.590118
 0.591118
 0.592118
 0.593119
 0.594119
 0.595119
 0.596119
 0.597119
  0.59812
  0.59912
  0.60012
  0.60112
  0.60212
 0.603121
 0.604121
 0.605121
 0.606121
 0.607121
 0.608122
 0.609122
 0.610122
 0.611122
 0.612122
 0.613123
 0.614123
 0.615123
 0.616123
 0.617123
 0.618124
 0.619124
 0.620124
 0.621124
 0.622124
 0.623125
 0.624125
 0.625125
 0.626125
 0.627125
 0.628126
 0.629126
 0.630126
 0.631126
 0.632126
 0.633127
 0.634127
 0.635127
 0.636127
 0.637127
 0.638128
 0.639128
 0.640128
 0.641128
 0.642128
 0.643129
 0.644129
 0.645129
 0.646129
 0.647129
  0.64813
  0.64913
  0.65013
  0.65113
  0.65213
 0.653131
 0.654131
 0.655131
 0.656131
 0.657131
 0.658132
 0.659132
 0.660132
 0.661132
 0.662132
 0.663133
 0.664133
 0.665133
 0.666133
 0.667133
 0.668134
 0.669134
 0.670134
 0.671134
 0.672134
 0.673135
 0.674135
 0.675135
 0.676135
 0.677135
 0.678136
 0.679136
 0.680136
 0.681136
 0.682136
 0.683137
 0.684137
 0.685137
 0.686137
 0.687137
 0.688138
 0.689138
 0.690138
 0.691138
 0.692138
 0.693139
 0.694139
 0.695139
 0.696139
 0.697139
  0.69814
  0.69914
  0.70014
  0.70114
  0.70214
 0.703141
 0.704141
 0.705141
 0.706141
 0.707141
 0.708142
 0.709142
 0.710142
 0.711142
 0.712142
 0.713143
 0.714143
 0.715143
 0.716143
 0.717143
 0.718144
 0.719144
 0.720144
 0.721144
 0.722144
 0.723145
 0.724145
 0.725145
 0.726145
 0.727145
 0.728146
 0.729146
 0.730146
 0.731146
 0.732146
 0.733147
 0.734147
 0.735147
 0.736147
 0.737147
 0.738148
 0.739148
 0.740148
 0.741148
 0.742148
 0.743149
 0.744149
 0.745149
 0.746149
 0.747149
  0.74815
  0.74915
  0.75015
  0.75115
  0.75215
 0.753151
 0.754151
 0.755151
 0.756151
 0.757151
 0.758152
 0.759152
 0.760152
 0.761152
 0.762152
 0.763153
 0.764153
 0.765153
 0.766153
 0.767153
 0.768154
 0.769154
 0.770154
 0.771154
 0.772154
 0.773155
 0.774155
 0.775155
 0.776155
 0.777155
 0.778156
 0.779156
 0.780156
 0.781156
 0.782156
 0.783157
 0.784157
 0.785157
 0.786157
 0.787157
 0.788158
 0.789158
 0.790158
 0.791158
 0.792158
 0.793159
 0.794159
 0.795159
 0.796159
 0.797159
  0.79816
  0.79916
  0.80016
  0.80116
  0.80216
 0.803161
 0.804161
 0.805161
 0.806161
 0.807161
 0.808162
 0.809162
 0.810162
 0.811162
 0.812162
 0.813163
 0.814163
 0.815163
 0.816163
 0.817163
 0.818164
 0.819164
 0.820164
 0.821164
 0.822164
 0.823165
 0.824165
 0.825165
 0.826165
 0.827165
 0.828166
 0.829166
 0.830166
 0.831166
 0.832166
 0.833167
 0.834167
 0.835167
 0.836167
 0.837167
 0.838168
 0.839168
 0.840168
 0.841168
 0.842168
 0.843169
 0.844169
 0.845169
 0.846169
 0.847169
  0.84817
  0.84917
  0.85017
  0.85117
  0.85217
 0.853171
 0.854171
 0.855171
 0.856171
 0.857171
 0.858172
 0.859172
 0.860172
 0.861172
 0.862172
 0.863173
 0.864173
 0.865173
 0.866173
 0.867173
 0.868174
 0.869174
 0.870174
 0.871174
 0.872174
 0.873175
 0.874175
 0.875175
 0.876175
 0.877175
 0.878176
 0.879176
 0.880176
 0.881176
 0.882176
 0.883177
 0.884177
 0.885177
 0.886177
 0.887177
 0.888178
 0.889178
 0.890178
 0.891178
 0.892178
 0.893179
 0.894179
 0.895179
 0.896179
 0.897179
  0.89818
  0.89918
  0.90018
  0.90118
  0.90218
 0.903181
 0.904181
 0.905181
 0.906181
 0.907181
 0.908182
 0.909182
 0.910182
 0.911182
 0.912182
 0.913183
 0.914183
 0.915183
 0.916183
 0.917183
 0.918184
 0.919184
 0.920184
 0.921184
 0.922184
 0.923185
 0.924185
 0.925185
 0.926185
 0.927185
 0.928186
 0.929186
 0.930186
 0.931186
 0.932186
 0.933187
 0.934187
 0.935187
 0.936187
 0.937187
 0.938188
 0.939188
 0.940188
 0.941188
 0.942188
 0.943189
 0.944189
 0.945189
 0.946189
 0.947189
  0.94819
  0.94919
  0.95019
  0.95119
  0.95219
 0.953191
 0.954191
 0.955191
 0.956191
 0.957191
 0.958192
 0.959192
 0.960192
 0.961192
 0.962192
 0.963193
 0.964193
 0.965193
 0.966193
 0.967193
 0.968194
 0.969194
 0.970194
 0.971194
 0.972194
 0.973195
 0.974195
 0.975195
 0.976195
 0.977195
 0.978196
 0.979196
 0.980196
 0.981196
 0.982196
 0.983197
 0.984197
 0.985197
 0.986197
 0.987197
 0.988198
 0.989198
 0.990198
 0.991198
 0.992198
 0.993199
 0.994199
 0.995199
 0.996199
 0.997199
   0.9982
   0.9992
   1.0002
   1.0012
   1.0022
   1.0032
   1.0042
   1.0052
   1.0062
   1.0072
   1.0082
   1.0092
   1.0102
   1.0112
   1.0122
   1.0132
   1.0142
   1.0152
   1.0162
   1.0172
   1.0182
   1.0192
   1.0202
   1.0212
   1.0222
   1.0232
   1.0242
  1.02521
  1.02621
  1.02721
  1.02821
  1.02921
  1.03021
  1.03121
  1.03221
  1.03321
  1.03421
  1.03521
  1.03621
  1.03721
  1.03821
  1.03921
  1.04021
  1.04121
  1.04221
  1.04321
  1.04421
  1.04521
  1.04621
  1.04721
  1.04821
  1.04921
  1.05021
  1.05121
  1.05221
  1.05321
  1.05421
  1.05521
  1.05621
  1.05721
  1.05821
  1.05921
  1.06021
  1.06121
  1.06221
  1.06321
  1.06421
  1.06521
  1.06621
  1.06721
  1.06821
  1.06921
  1.07021
  1.07121
  1.07221
  1.07321
  1.07421
  1.07522
  1.07622
  1.07722
  1.07822
  1.07922
  1.08022
  1.08122
  1.08222
  1.08322
  1.08422
  1.08522
  1.08622
  1.08722
  1.08822
  1.08922
  1.09022
  1.09122
  1.09222
  1.09322
  1.09422
  1.09522
  1.09622
  1.09722
  1.09822
  1.09922
  1.10022
  1.10122
  1.10222
  1.10322
  1.10422
  1.10522
  1.10622
  1.10722
  1.10822
  1.10922
  1.11022
  1.11122
  1.11222
  1.11322
  1.11422
  1.11522
  1.11622
  1.11722
  1.11822
  1.11922
  1.12022
  1.12122
  1.12222
  1.12322
  1.12422
  1.12523
  1.12623
  1.12723
  1.12823
  1.12923
  1.13023
  1.13123
  1.13223
  1.13323
  1.13423
  1.13523
  1.13623
  1.13723
  1.13823
  1.13923
  1.14023
  1.14123
  1.14223
  1.14323
  1.14423
  1.14523
  1.14623
  1.14723
  1.14823
  1.14923
  1.15023
  1.15123
  1.15223
  1.15323
  1.15423
  1.15523
  1.15623
  1.15723
  1.15823
  1.15923
  1.16023
  1.16123
  1.16223
  1.16323
  1.16423
  1.16523
  1.16623
  1.16723
  1.16823
  1.16923
  1.17023
  1.17123
  1.17223
  1.17323
  1.17423
  1.17524
  1.17624
  1.17724
  1.17824
  1.17924
  1.18024
  1.18124
  1.18224
  1.18324
  1.18424
  1.18524
  1.18624
  1.18724
  1.18824
  1.18924
  1.19024
  1.19124
  1.19224
  1.19324
  1.19424
  1.19524
  1.19624
  1.19724
  1.19824
  1.19924
  1.20024
  1.20124
  1.20224
  1.20324
  1.20424
  1.20524
  1.20624
  1.20724
  1.20824
  1.20924
  1.21024
  1.21124
  1.21224
  1.21324
  1.21424
  1.21524
  1.21624
  1.21724
  1.21824
  1.21924
  1.22024
  1.22124
  1.22224
  1.22324
  1.22424
  1.22525
  1.22625
  1.22725
  1.22825
  1.22925
  1.23025
  1.23125
  1.23225
  1.23325
  1.23425
  1.23525
  1.23625
  1.23725
  1.23825
  1.23925
  1.24025
  1.24125
  1.24225
  1.24325
  1.24425
  1.24525
  1.24625
  1.24725
  1.24825
  1.24925
  1.25025
  1.25125
  1.25225
  1.25325
  1.25425
  1.25525
  1.25625
  1.25725
  1.25825
  1.25925
  1.26025
  1.26125
  1.26225
  1.26325
  1.26425
  1.26525
  1.26625
  1.26725
  1.26825
  1.26925
  1.27025
  1.27125
  1.27225
  1.27325
  1.27425
  1.27526
  1.27626
  1.27726
  1.27826
  1.27926
  1.28026
  1.28126
  1.28226
  1.28326
  1.28426
  1.28526
  1.28626
  1.28726
  1.28826
  1.28926
  1.29026
  1.29126
  1.29226
  1.29326
  1.29426
  1.29526
  1.29626
  1.29726
  1.29826
  1.29926
  1.30026
  1.30126
  1.30226
  1.30326
  1.30426
  1.30526
  1.30626
  1.30726
  1.30826
  1.30926
  1.31026
  1.31126
  1.31226
  1.31326
  1.31426
  1.31526
  1.31626
  1.31726
  1.31826
  1.31926
  1.32026
  1.32126
  1.32226
  1.32326
  1.32426
  1.32527
  1.32627
  1.32727
  1.32827
  1.32927
  1.33027
  1.33127
  1.33227
  1.33327
  1.33427
  1.33527
  1.33627
  1.33727
  1.33827
  1.33927
  1.34027
  1.34127
  1.34227
  1.34327
  1.34427
  1.34527
  1.34627
  1.34727
  1.34827
  1.34927
  1.35027
  1.35127
  1.35227
  1.35327
  1.35427
  1.35527
  1.35627
  1.35727
  1.35827
  1.35927
  1.36027
  1.36127
  1.36227
  1.36327
  1.36427
  1.36527
  1.36627
  1.36727
  1.36827
  1.36927
  1.37027
  1.37127
  1.37227
  1.37327
  1.37427
  1.37528
  1.37628
  1.37728
  1.37828
  1.37928
  1.38028
  1.38128
  1.38228
  1.38328
  1.38428
  1.38528
  1.38628
  1.38728
  1.38828
  1.38928
  1.39028
  1.39128
  1.39228
  1.39328
  1.39428
  1.39528
  1.39628
  1.39728
  1.39828
  1.39928
  1.40028
  1.40128
  1.40228
  1.40328
  1.40428
  1.40528
  1.40628
  1.40728
  1.40828
  1.40928
  1.41028
  1.41128
  1.41228
  1.41328
  1.41428
  1.41528
  1.41628
  1.41728
  1.41828
  1.41928
  1.42028
  1.42128
  1.42228
  1.42328
  1.42428
  1.42529
  1.42629
  1.42729
  1.42829
  1.42929
  1.43029
  1.43129
  1.43229
  1.43329
  1.43429
  1.43529
  1.43629
  1.43729
  1.43829
  1.43929
  1.44029
  1.44129
  1.44229
  1.44329
  1.44429
  1.44529
  1.44629
  1.44729
  1.44829
  1.44929
  1.45029
  1.45129
  1.45229
  1.45329
  1.45429
  1.45529
  1.45629
  1.45729
  1.45829
  1.45929
  1.46029
  1.46129
  1.46229
  1.46329
  1.46429
  1.46529
  1.46629
  1.46729
  1.46829
  1.46929
  1.47029
  1.47129
  1.47229
  1.47329
  1.47429
   1.4753
   1.4763
   1.4773
   1.4783
   1.4793
   1.4803
   1.4813
   1.4823
   1.4833
   1.4843
   1.4853
   1.4863
   1.4873
   1.4883
   1.4893
   1.4903
   1.4913
   1.4923
   1.4933
   1.4943
   1.4953
   1.4963
   1.4973
   1.4983
   1.4993
   1.5003
   1.5013
   1.5023
   1.5033
   1.5043
   1.5053
   1.5063
   1.5073
   1.5083
   1.5093
   1.5103
   1.5113
   1.5123
   1.5133
   1.5143
   1.5153
   1.5163
   1.5173
   1.5183
   1.5193
   1.5203
   1.5213
   1.5223
   1.5233
   1.5243
  1.52531
  1.52631
  1.52731
  1.52831
  1.52931
  1.53031
  1.53131
  1.53231
  1.53331
  1.53431
  1.53531
  1.53631
  1.53731
  1.53831
  1.53931
  1.54031
  1.54131
  1.54231
  1.54331
  1.54431
  1.54531
  1.54631
  1.54731
  1.54831
  1.54931
  1.55031
  1.55131
  1.55231
  1.55331
  1.55431
  1.55531
  1.55631
  1.55731
  1.55831
  1.55931
  1.56031
  1.56131
  1.56231
  1.56331
  1.56431
  1.56531
  1.56631
  1.56731
  1.56831
  1.56931
  1.57031
  1.57131
  1.57231
  1.57331
  1.57431
  1.57532
  1.57632
  1.57732
  1.57832
  1.57932
  1.58032
  1.58132
  1.58232
  1.58332
  1.58432
  1.58532
  1.58632
  1.58732
  1.58832
  1.58932
  1.59032
  1.59132
  1.59232
  1.59332
  1.59432
  1.59532
  1.59632
  1.59732
  1.59832
  1.59932
  1.60032
  1.60132
  1.60232
  1.60332
  1.60432
  1.60532
  1.60632
  1.60732
  1.60832
  1.60932
  1.61032
  1.61132
  1.61232
  1.61332
  1.61432
  1.61532
  1.61632
  1.61732
  1.61832
  1.61932
  1.62032
  1.62132
  1.62232
  1.62332
  1.62432
  1.62533
  1.62633
  1.62733
  1.62833
  1.62933
  1.63033
  1.63133
  1.63233
  1.63333
  1.63433
  1.63533
  1.63633
  1.63733
  1.63833
  1.63933
  1.64033
  1.64133
  1.64233
  1.64333
  1.64433
  1.64533
  1.64633
  1.64733
  1.64833
  1.64933
  1.65033
  1.65133
  1.65233
  1.65333
  1.65433
  1.65533
  1.65633
  1.65733
  1.65833
  1.65933
  1.66033
  1.66133
  1.66233
  1.66333
  1.66433
  1.66533
  1.66633
  1.66733
  1.66833
  1.66933
  1.67033
  1.67133
  1.67233
  1.67333
  1.67433
  1.67534
  1.67634
  1.67734
  1.67834
  1.67934
  1.68034
  1.68134
  1.68234
  1.68334
  1.68434
  1.68534
  1.68634
  1.68734
  1.68834
  1.68934
  1.69034
  1.69134
  1.69234
  1.69334
  1.69434
  1.69534
  1.69634
  1.69734
  1.69834
  1.69934
  1.70034
  1.70134
  1.70234
  1.70334
  1.70434
  1.70534
  1.70634
  1.70734
  1.70834
  1.70934
  1.71034
  1.71134
  1.71234
  1.71334
  1.71434
  1.71534
  1.71634
  1.71734
  1.71834
  1.71934
  1.72034
  1.72134
  1.72234
  1.72334
  1.72434
  1.72535
  1.72635
  1.72735
  1.72835
  1.72935
  1.73035
  1.73135
  1.73235
  1.73335
  1.73435
  1.73535
  1.73635
  1.73735
  1.73835
  1.73935
  1.74035
  1.74135
  1.74235
  1.74335
  1.74435
  1.74535
  1.74635
  1.74735
  1.74835
  1.74935
  1.75035
  1.75135
  1.75235
  1.75335
  1.75435
  1.75535
  1.75635
  1.75735
  1.75835
  1.75935
  1.76035
  1.76135
  1.76235
  1.76335
  1.76435
  1.76535
  1.76635
  1.76735
  1.76835
  1.76935
  1.77035
  1.77135
  1.77235
  1.77335
  1.77435
  1.77536
  1.77636
  1.77736
  1.77836
  1.77936
  1.78036
  1.78136
  1.78236
  1.78336
  1.78436
  1.78536
  1.78636
  1.78736
  1.78836
  1.78936
  1.79036
  1.79136
  1.79236
  1.79336
  1.79436
  1.79536
  1.79636
  1.79736
  1.79836
  1.79936
  1.80036
  1.80136
  1.80236
  1.80336
  1.80436
  1.80536
  1.80636
  1.80736
  1.80836
  1.80936
  1.81036
  1.81136
  1.81236
  1.81336
  1.81436
  1.81536
  1.81636
  1.81736
  1.81836
  1.81936
  1.82036
  1.82136
  1.82236
  1.82336
  1.82436
  1.82537
  1.82637
  1.82737
  1.82837
  1.82937
  1.83037
  1.83137
  1.83237
  1.83337
  1.83437
  1.83537
  1.83637
  1.83737
  1.83837
  1.83937
  1.84037
  1.84137
  1.84237
  1.84337
  1.84437
  1.84537
  1.84637
  1.84737
  1.84837
  1.84937
  1.85037
  1.85137
  1.85237
  1.85337
  1.85437
  1.85537
  1.85637
  1.85737
  1.85837
  1.85937
  1.86037
  1.86137
  1.86237
  1.86337
  1.86437
  1.86537
  1.86637
  1.86737
  1.86837
  1.86937
  1.87037
  1.87137
  1.87237
  1.87337
  1.87437
  1.87538
  1.87638
  1.87738
  1.87838
  1.87938
  1.88038
  1.88138
  1.88238
  1.88338
  1.88438
  1.88538
  1.88638
  1.88738
  1.88838
  1.88938
  1.89038
  1.89138
  1.89238
  1.89338
  1.89438
  1.89538
  1.89638
  1.89738
  1.89838
  1.89938
  1.90038
  1.90138
  1.90238
  1.90338
  1.90438
  1.90538
  1.90638
  1.90738
  1.90838
  1.90938
  1.91038
  1.91138
  1.91238
  1.91338
  1.91438
  1.91538
  1.91638
  1.91738
  1.91838
  1.91938
  1.92038
  1.92138
  1.92238
  1.92338
  1.92438
  1.92539
  1.92639
  1.92739
  1.92839
  1.92939
  1.93039
  1.93139
  1.93239
  1.93339
  1.93439
  1.93539
  1.93639
  1.93739
  1.93839
  1.93939
  1.94039
  1.94139
  1.94239
  1.94339
  1.94439
  1.94539
  1.94639
  1.94739
  1.94839
  1.94939
  1.95039
  1.95139
  1.95239
  1.95339
  1.95439
  1.95539
  1.95639
  1.95739
  1.95839
  1.95939
  1.96039
  1.96139
  1.96239
  1.96339
  1.96439
  1.96539
  1.96639
  1.96739
  1.96839
  1.96939
  1.97039
  1.97139
  1.97239
  1.97339
  1.97439
   1.9754
   1.9764
   1.9774
   1.9784
   1.9794
   1.9804
   1.9814
   1.9824
   1.9834
   1.9844
   1.9854
   1.9864
   1.9874
   1.9884
   1.9894
   1.9904
   1.9914
   1.9924
   1.9934
   1.9944
   1.9954
   1.9964
   1.9974
   1.9984
   1.9994
   2.0004
   2.0014
   2.0024
   2.0034
   2.0044
   2.0054
   2.0064
   2.0074
   2.0084
   2.0094
   2.0104
   2.0114
   2.0124
   2.0134
   2.0144
   2.0154
   2.0164
   2.0174
   2.0184
   2.0194
   2.0204
   2.0214
   2.0224
   2.0234
   2.0244
  2.02541
  2.02641
  2.02741
  2.02841
  2.02941
  2.03041
  2.03141
  2.03241
  2.03341
  2.03441
  2.03541
  2.03641
  2.03741
  2.03841
  2.03941
  2.04041
  2.04141
  2.04241
  2.04341
  2.04441
  2.04541
  2.04641
  2.04741
  2.04841
  2.04941
  2.05041
  2.05141
  2.05241
  2.05341
  2.05441
  2.05541
  2.05641
  2.05741
  2.05841
  2.05941
  2.06041
  2.06141
  2.06241
  2.06341
  2.06441
  2.06541
  2.06641
  2.06741
  2.06841
  2.06941
  2.07041
  2.07141
  2.07241
  2.07341
  2.07441
  2.07542
  2.07642
  2.07742
  2.07842
  2.07942
  2.08042
  2.08142
  2.08242
  2.08342
  2.08442
  2.08542
  2.08642
  2.08742
  2.08842
  2.08942
  2.09042
  2.09142
  2.09242
  2.09342
  2.09442
  2.09542
  2.09642
  2.09742
  2.09842
  2.09942
  2.10042
  2.10142
  2.10242
  2.10342
  2.10442
  2.10542
  2.10642
  2.10742
  2.10842
  2.10942
  2.11042
  2.11142
  2.11242
  2.11342
  2.11442
  2.11542
  2.11642
  2.11742
  2.11842
  2.11942
  2.12042
  2.12142
  2.12242
  2.12342
  2.12442
  2.12543
  2.12643
  2.12743
  2.12843
  2.12943
  2.13043
  2.13143
  2.13243
  2.13343
  2.13443
  2.13543
  2.13643
  2.13743
  2.13843
  2.13943
  2.14043
  2.14143
  2.14243
  2.14343
  2.14443
  2.14543
  2.14643
  2.14743
  2.14843
  2.14943
  2.15043
  2.15143
  2.15243
  2.15343
  2.15443
  2.15543
  2.15643
  2.15743
  2.15843
  2.15943
  2.16043
  2.16143
  2.16243
  2.16343
  2.16443
  2.16543
  2.16643
  2.16743
  2.16843
  2.16943
  2.17043
  2.17143
  2.17243
  2.17343
  2.17443
  2.17544
  2.17644
  2.17744
  2.17844
  2.17944
  2.18044
  2.18144
  2.18244
  2.18344
  2.18444
  2.18544
  2.18644
  2.18744
  2.18844
  2.18944
  2.19044
  2.19144
  2.19244
  2.19344
  2.19444
  2.19544
  2.19644
  2.19744
  2.19844
  2.19944
  2.20044
  2.20144
  2.20244
  2.20344
  2.20444
  2.20544
  2.20644
  2.20744
  2.20844
  2.20944
  2.21044
  2.21144
  2.21244
  2.21344
  2.21444
  2.21544
  2.21644
  2.21744
  2.21844
  2.21944
  2.22044
  2.22144
  2.22244
  2.22344
  2.22444
  2.22545
  2.22645
  2.22745
  2.22845
  2.22945
  2.23045
  2.23145
  2.23245
  2.23345
  2.23445
  2.23545
  2.23645
  2.23745
  2.23845
  2.23945
  2.24045
  2.24145
  2.24245
  2.24345
  2.24445
  2.24545
  2.24645
  2.24745
  2.24845
  2.24945
  2.25045
  2.25145
  2.25245
  2.25345
  2.25445
  2.25545
  2.25645
  2.25745
  2.25845
  2.25945
  2.26045
  2.26145
  2.26245
  2.26345
  2.26445
  2.26545
  2.26645
  2.26745
  2.26845
  2.26945
  2.27045
  2.27145
  2.27245
  2.27345
  2.27445
  2.27546
  2.27646
  2.27746
  2.27846
  2.27946
  2.28046
  2.28146
  2.28246
  2.28346
  2.28446
  2.28546
  2.28646
  2.28746
  2.28846
  2.28946
  2.29046
  2.29146
  2.29246
  2.29346
  2.29446
  2.29546
  2.29646
  2.29746
  2.29846
  2.29946
  2.30046
  2.30146
  2.30246
  2.30346
  2.30446
  2.30546
  2.30646
  2.30746
  2.30846
  2.30946
  2.31046
  2.31146
  2.31246
  2.31346
  2.31446
  2.31546
  2.31646
  2.31746
  2.31846
  2.31946
  2.32046
  2.32146
  2.32246
  2.32346
  2.32446
  2.32547
  2.32647
  2.32747
  2.32847
  2.32947
  2.33047
  2.33147
  2.33247
  2.33347
  2.33447
  2.33547
  2.33647
  2.33747
  2.33847
  2.33947
  2.34047
  2.34147
  2.34247
  2.34347
  2.34447
  2.34547
  2.34647
  2.34747
  2.34847
  2.34947
  2.35047
  2.35147
  2.35247
  2.35347
  2.35447
  2.35547
  2.35647
  2.35747
  2.35847
  2.35947
  2.36047
  2.36147
  2.36247
  2.36347
  2.36447
  2.36547
  2.36647
  2.36747
  2.36847
  2.36947
  2.37047
  2.37147
  2.37247
  2.37347
  2.37447
  2.37548
  2.37648
  2.37748
  2.37848
  2.37948
  2.38048
  2.38148
  2.38248
  2.38348
  2.38448
  2.38548
  2.38648
  2.38748
  2.38848
  2.38948
  2.39048
  2.39148
  2.39248
  2.39348
  2.39448
  2.39548
  2.39648
  2.39748
  2.39848
  2.39948
  2.40048
  2.40148
  2.40248
  2.40348
  2.40448
  2.40548
  2.40648
  2.40748
  2.40848
  2.40948
  2.41048
  2.41148
  2.41248
  2.41348
  2.41448
  2.41548
  2.41648
  2.41748
  2.41848
  2.41948
  2.42048
  2.42148
  2.42248
  2.42348
  2.42448
  2.42549
  2.42649
  2.42749
  2.42849
  2.42949
  2.43049
  2.43149
  2.43249
  2.43349
  2.43449
  2.43549
  2.43649
  2.43749
  2.43849
  2.43949
  2.44049
  2.44149
  2.44249
  2.44349
  2.44449
  2.44549
  2.44649
  2.44749
  2.44849
  2.44949
  2.45049
  2.45149
  2.45249
  2.45349
  2.45449
  2.45549
  2.45649
  2.45749
  2.45849
  2.45949
  2.46049
  2.46149
  2.46249
  2.46349
  2.46449
  2.46549
  2.46649
  2.46749
  2.46849
  2.46949
  2.47049
  2.47149
  2.47249
  2.47349
  2.47449
   2.4755
   2.4765
   2.4775
   2.4785
   2.4795
   2.4805
   2.4815
   2.4825
   2.4835
   2.4845
   2.4855
   2.4865
   2.4875
   2.4885
   2.4895
   2.4905
   2.4915
   2.4925
   2.4935
   2.4945
   2.4955
   2.4965
   2.4975
   2.4985
   2.4995
   2.5005
   2.5015
   2.5025
   2.5035
   2.5045
   2.5055
   2.5065
   2.5075
   2.5085
   2.5095
   2.5105
   2.5115
   2.5125
   2.5135
   2.5145
   2.5155
   2.5165
   2.5175
   2.5185
   2.5195
   2.5205
   2.5215
   2.5225
   2.5235
   2.5245
  2.52551
  2.52651
  2.52751
  2.52851
  2.52951
  2.53051
  2.53151
  2.53251
  2.53351
  2.53451
  2.53551
  2.53651
  2.53751
  2.53851
  2.53951
  2.54051
  2.54151
  2.54251
  2.54351
  2.54451
  2.54551
  2.54651
  2.54751
  2.54851
  2.54951
  2.55051
  2.55151
  2.55251
  2.55351
  2.55451
  2.55551
  2.55651
  2.55751
  2.55851
  2.55951
  2.56051
  2.56151
  2.56251
  2.56351
  2.56451
  2.56551
  2.56651
  2.56751
  2.56851
  2.56951
  2.57051
  2.57151
  2.57251
  2.57351
  2.57451
  2.57552
  2.57652
  2.57752
  2.57852
  2.57952
  2.58052
  2.58152
  2.58252
  2.58352
  2.58452
  2.58552
  2.58652
  2.58752
  2.58852
  2.58952
  2.59052
  2.59152
  2.59252
  2.59352
  2.59452
  2.59552
  2.59652
  2.59752
  2.59852
  2.59952
  2.60052
  2.60152
  2.60252
  2.60352
  2.60452
  2.60552
  2.60652
  2.60752
  2.60852
  2.60952
  2.61052
  2.61152
  2.61252
  2.61352
  2.61452
  2.61552
  2.61652
  2.61752
  2.61852
  2.61952
  2.62052
  2.62152
  2.62252
  2.62352
  2.62452
  2.62553
  2.62653
  2.62753
  2.62853
  2.62953
  2.63053
  2.63153
  2.63253
  2.63353
  2.63453
  2.63553
  2.63653
  2.63753
  2.63853
  2.63953
  2.64053
  2.64153
  2.64253
  2.64353
  2.64453
  2.64553
  2.64653
  2.64753
  2.64853
  2.64953
  2.65053
  2.65153
  2.65253
  2.65353
  2.65453
  2.65553
  2.65653
  2.65753
  2.65853
  2.65953
  2.66053
  2.66153
  2.66253
  2.66353
  2.66453
  2.66553
  2.66653
  2.66753
  2.66853
  2.66953
  2.67053
  2.67153
  2.67253
  2.67353
  2.67453
  2.67554
  2.67654
  2.67754
  2.67854
  2.67954
  2.68054
  2.68154
  2.68254
  2.68354
  2.68454
  2.68554
  2.68654
  2.68754
  2.68854
  2.68954
  2.69054
  2.69154
  2.69254
  2.69354
  2.69454
  2.69554
  2.69654
  2.69754
  2.69854
  2.69954
  2.70054
  2.70154
  2.70254
  2.70354
  2.70454
  2.70554
  2.70654
  2.70754
  2.70854
  2.70954
  2.71054
  2.71154
  2.71254
  2.71354
  2.71454
  2.71554
  2.71654
  2.71754
  2.71854
  2.71954
  2.72054
  2.72154
  2.72254
  2.72354
  2.72454
  2.72555
  2.72655
  2.72755
  2.72855
  2.72955
  2.73055
  2.73155
  2.73255
  2.73355
  2.73455
  2.73555
  2.73655
  2.73755
  2.73855
  2.73955
  2.74055
  2.74155
  2.74255
  2.74355
  2.74455
  2.74555
  2.74655
  2.74755
  2.74855
  2.74955
  2.75055
  2.75155
  2.75255
  2.75355
  2.75455
  2.75555
  2.75655
  2.75755
  2.75855
  2.75955
  2.76055
  2.76155
  2.76255
  2.76355
  2.76455
  2.76555
  2.76655
  2.76755
  2.76855
  2.76955
  2.77055
  2.77155
  2.77255
  2.77355
  2.77455
  2.77556
  2.77656
  2.77756
  2.77856
  2.77956
  2.78056
  2.78156
  2.78256
  2.78356
  2.78456
  2.78556
  2.78656
  2.78756
  2.78856
  2.78956
  2.79056
  2.79156
  2.79256
  2.79356
  2.79456
  2.79556
  2.79656
  2.79756
  2.79856
  2.79956
  2.80056
  2.80156
  2.80256
  2.80356
  2.80456
  2.80556
  2.80656
  2.80756
  2.80856
  2.80956
  2.81056
  2.81156
  2.81256
  2.81356
  2.81456
  2.81556
  2.81656
  2.81756
  2.81856
  2.81956
  2.82056
  2.82156
  2.82256
  2.82356
  2.82456
  2.82557
  2.82657
  2.82757
  2.82857
  2.82957
  2.83057
  2.83157
  2.83257
  2.83357
  2.83457
  2.83557
  2.83657
  2.83757
  2.83857
  2.83957
  2.84057
  2.84157
  2.84257
  2.84357
  2.84457
  2.84557
  2.84657
  2.84757
  2.84857
  2.84957
  2.85057
  2.85157
  2.85257
  2.85357
  2.85457
  2.85557
  2.85657
  2.85757
  2.85857
  2.85957
  2.86057
  2.86157
  2.86257
  2.86357
  2.86457
  2.86557
  2.86657
  2.86757
  2.86857
  2.86957
  2.87057
  2.87157
  2.87257
  2.87357
  2.87457
  2.87558
  2.87658
  2.87758
  2.87858
  2.87958
  2.88058
  2.88158
  2.88258
  2.88358
  2.88458
  2.88558
  2.88658
  2.88758
  2.88858
  2.88958
  2.89058
  2.89158
  2.89258
  2.89358
  2.89458
  2.89558
  2.89658
  2.89758
  2.89858
  2.89958
  2.90058
  2.90158
  2.90258
  2.90358
  2.90458
  2.90558
  2.90658
  2.90758
  2.90858
  2.90958
  2.91058
  2.91158
  2.91258
  2.91358
  2.91458
  2.91558
  2.91658
  2.91758
  2.91858
  2.91958
  2.92058
  2.92158
  2.92258
  2.92358
  2.92458
  2.92559
  2.92659
  2.92759
  2.92859
  2.92959
  2.93059
  2.93159
  2.93259
  2.93359
  2.93459
  2.93559
  2.93659
  2.93759
  2.93859
  2.93959
  2.94059
  2.94159
  2.94259
  2.94359
  2.94459
  2.94559
  2.94659
  2.94759
  2.94859
  2.94959
  2.95059
  2.95159
  2.95259
  2.95359
  2.95459
  2.95559
  2.95659
  2.95759
  2.95859
  2.95959
  2.96059
  2.96159
  2.96259
  2.96359
  2.96459
  2.96559
  2.96659
  2.96759
  2.96859
  2.96959
  2.97059
  2.97159
  2.97259
  2.97359
  2.97459
   2.9756
   2.9766
   2.9776
   2.9786
   2.9796
   2.9806
   2.9816
   2.9826
   2.9836
   2.9846
   2.9856
   2.9866
   2.9876
   2.9886
   2.9896
   2.9906
   2.9916
   2.9926
   2.9936
   2.9946
   2.9956
   2.9966
   2.9976
   2.9986
   2.9996
   3.0006
   3.0016
   3.0026
   3.0036
   3.0046
   3.0056
   3.0066
   3.0076
   3.0086
   3.0096
   3.0106
   3.0116
   3.0126
   3.0136
   3.0146
   3.0156
   3.0166
   3.0176
   3.0186
   3.0196
   3.0206
   3.0216
   3.0226
   3.0236
   3.0246
  3.02561
  3.02661
  3.02761
  3.02861
  3.02961
  3.03061
  3.03161
  3.03261
  3.03361
  3.03461
  3.03561
  3.03661
  3.03761
  3.03861
  3.03961
  3.04061
  3.04161
  3.04261
  3.04361
  3.04461
  3.04561
  3.04661
  3.04761
  3.04861
  3.04961
  3.05061
  3.05161
  3.05261
  3.05361
  3.05461
  3.05561
  3.05661
  3.05761
  3.05861
  3.05961
  3.06061
  3.06161
  3.06261
  3.06361
  3.06461
  3.06561
  3.06661
  3.06761
  3.06861
  3.06961
  3.07061
  3.07161
  3.07261
  3.07361
  3.07461
  3.07562
  3.07662
  3.07762
  3.07862
  3.07962
  3.08062
  3.08162
  3.08262
  3.08362
  3.08462
  3.08562
  3.08662
  3.08762
  3.08862
  3.08962
  3.09062
  3.09162
  3.09262
  3.09362
  3.09462
  3.09562
  3.09662
  3.09762
  3.09862
  3.09962
  3.10062
  3.10162
  3.10262
  3.10362
  3.10462
  3.10562
  3.10662
  3.10762
  3.10862
  3.10962
  3.11062
  3.11162
  3.11262
  3.11362
  3.11462
  3.11562
  3.11662
  3.11762
  3.11862
  3.11962
  3.12062
  3.12162
  3.12262
  3.12362
  3.12462
  3.12563
  3.12663
  3.12763
  3.12863
  3.12963
  3.13063
  3.13163
  3.13263
  3.13363
  3.13463
  3.13563
  3.13663
  3.13763
  3.13863
  3.13963
  3.14063
  3.14163
  3.14263
  3.14363
  3.14463
  3.14563
  3.14663
  3.14763
  3.14863
  3.14963
  3.15063
  3.15163
  3.15263
  3.15363
  3.15463
  3.15563
  3.15663
  3.15763
  3.15863
  3.15963
  3.16063
  3.16163
  3.16263
  3.16363
  3.16463
  3.16563
  3.16663
  3.16763
  3.16863
  3.16963
  3.17063
  3.17163
  3.17263
  3.17363
  3.17463
  3.17564
  3.17664
  3.17764
  3.17864
  3.17964
  3.18064
  3.18164
  3.18264
  3.18364
  3.18464
  3.18564
  3.18664
  3.18764
  3.18864
  3.18964
  3.19064
  3.19164
  3.19264
  3.19364
  3.19464
  3.19564
  3.19664
  3.19764
  3.19864
  3.19964
  3.20064
  3.20164
  3.20264
  3.20364
  3.20464
  3.20564
  3.20664
  3.20764
  3.20864
  3.20964
  3.21064
  3.21164
  3.21264
  3.21364
  3.21464
  3.21564
  3.21664
  3.21764
  3.21864
  3.21964
  3.22064
  3.22164
  3.22264
  3.22364
  3.22464
  3.22565
  3.22665
  3.22765
  3.22865
  3.22965
  3.23065
  3.23165
  3.23265
  3.23365
  3.23465
  3.23565
  3.23665
  3.23765
  3.23865
  3.23965
  3.24065
  3.24165
  3.24265
  3.24365
  3.24465
  3.24565
  3.24665
  3.24765
  3.24865
  3.24965
  3.25065
  3.25165
  3.25265
  3.25365
  3.25465
  3.25565
  3.25665
  3.25765
  3.25865
  3.25965
  3.26065
  3.26165
  3.26265
  3.26365
  3.26465
  3.26565
  3.26665
  3.26765
  3.26865
  3.26965
  3.27065
  3.27165
  3.27265
  3.27365
  3.27465
  3.27566
  3.27666
  3.27766
  3.27866
  3.27966
  3.28066
  3.28166
  3.28266
  3.28366
  3.28466
  3.28566
  3.28666
  3.28766
  3.28866
  3.28966
  3.29066
  3.29166
  3.29266
  3.29366
  3.29466
  3.29566
  3.29666
  3.29766
  3.29866
  3.29966
  3.30066
  3.30166
  3.30266
  3.30366
  3.30466
  3.30566
  3.30666
  3.30766
  3.30866
  3.30966
  3.31066
  3.31166
  3.31266
  3.31366
  3.31466
  3.31566
  3.31666
  3.31766
  3.31866
  3.31966
  3.32066
  3.32166
  3.32266
  3.32366
  3.32466
  3.32567
  3.32667
  3.32767
  3.32867
  3.32967
  3.33067
  3.33167
  3.33267
  3.33367
  3.33467
  3.33567
  3.33667
  3.33767
  3.33867
  3.33967
  3.34067
  3.34167
  3.34267
  3.34367
  3.34467
  3.34567
  3.34667
  3.34767
  3.34867
  3.34967
  3.35067
  3.35167
  3.35267
  3.35367
  3.35467
  3.35567
  3.35667
  3.35767
  3.35867
  3.35967
  3.36067
  3.36167
  3.36267
  3.36367
  3.36467
  3.36567
  3.36667
  3.36767
  3.36867
  3.36967
  3.37067
  3.37167
  3.37267
  3.37367
  3.37467
  3.37568
  3.37668
  3.37768
  3.37868
  3.37968
  3.38068
  3.38168
  3.38268
  3.38368
  3.38468
  3.38568
  3.38668
  3.38768
  3.38868
  3.38968
  3.39068
  3.39168
  3.39268
  3.39368
  3.39468
  3.39568
  3.39668
  3.39768
  3.39868
  3.39968
  3.40068
  3.40168
  3.40268
  3.40368
  3.40468
  3.40568
  3.40668
  3.40768
  3.40868
  3.40968
  3.41068
  3.41168
  3.41268
  3.41368
  3.41468
  3.41568
  3.41668
  3.41768
  3.41868
  3.41968
  3.42068
  3.42168
  3.42268
  3.42368
  3.42468
  3.42569
  3.42669
  3.42769
  3.42869
  3.42969
  3.43069
  3.43169
  3.43269
  3.43369
  3.43469
  3.43569
  3.43669
  3.43769
  3.43869
  3.43969
  3.44069
  3.44169
  3.44269
  3.44369
  3.44469
  3.44569
  3.44669
  3.44769
  3.44869
  3.44969
  3.45069
  3.45169
  3.45269
  3.45369
  3.45469
  3.45569
  3.45669
  3.45769
  3.45869
  3.45969
  3.46069
  3.46169
  3.46269
  3.46369
  3.46469
  3.46569
  3.46669
  3.46769
  3.46869
  3.46969
  3.47069
  3.47169
  3.47269
  3.47369
  3.47469
   3.4757
   3.4767
   3.4777
   3.4787
   3.4797
   3.4807
   3.4817
   3.4827
   3.4837
   3.4847
   3.4857
   3.4867
   3.4877
   3.4887
   3.4897
   3.4907
   3.4917
   3.4927
   3.4937
   3.4947
   3.4957
   3.4967
   3.4977
   3.4987
   3.4997
   3.5007
   3.5017
   3.5027
   3.5037
   3.5047
   3.5057
   3.5067
   3.5077
   3.5087
   3.5097
   3.5107
   3.5117
   3.5127
   3.5137
   3.5147
   3.5157
   3.5167
   3.5177
   3.5187
   3.5197
   3.5207
   3.5217
   3.5227
   3.5237
   3.5247
  3.52571
  3.52671
  3.52771
  3.52871
  3.52971
  3.53071
  3.53171
  3.53271
  3.53371
  3.53471
  3.53571
  3.53671
  3.53771
  3.53871
  3.53971
  3.54071
  3.54171
  3.54271
  3.54371
  3.54471
  3.54571
  3.54671
  3.54771
  3.54871
  3.54971
  3.55071
  3.55171
  3.55271
  3.55371
  3.55471
  3.55571
  3.55671
  3.55771
  3.55871
  3.55971
  3.56071
  3.56171
  3.56271
  3.56371
  3.56471
  3.56571
  3.56671
  3.56771
  3.56871
  3.56971
  3.57071
  3.57171
  3.57271
  3.57371
  3.57471
  3.57572
  3.57672
  3.57772
  3.57872
  3.57972
  3.58072
  3.58172
  3.58272
  3.58372
  3.58472
  3.58572
  3.58672
  3.58772
  3.58872
  3.58972
  3.59072
  3.59172
  3.59272
  3.59372
  3.59472
  3.59572
  3.59672
  3.59772
  3.59872
  3.59972
  3.60072
  3.60172
  3.60272
  3.60372
  3.60472
  3.60572
  3.60672
  3.60772
  3.60872
  3.60972
  3.61072
  3.61172
  3.61272
  3.61372
  3.61472
  3.61572
  3.61672
  3.61772
  3.61872
  3.61972
  3.62072
  3.62172
  3.62272
  3.62372
  3.62472
  3.62573
  3.62673
  3.62773
  3.62873
  3.62973
  3.63073
  3.63173
  3.63273
  3.63373
  3.63473
  3.63573
  3.63673
  3.63773
  3.63873
  3.63973
  3.64073
  3.64173
  3.64273
  3.64373
  3.64473
  3.64573
  3.64673
  3.64773
  3.64873
  3.64973
  3.65073
  3.65173
  3.65273
  3.65373
  3.65473
  3.65573
  3.65673
  3.65773
  3.65873
  3.65973
  3.66073
  3.66173
  3.66273
  3.66373
  3.66473
  3.66573
  3.66673
  3.66773
  3.66873
  3.66973
  3.67073
  3.67173
  3.67273
  3.67373
  3.67473
  3.67574
  3.67674
  3.67774
  3.67874
  3.67974
  3.68074
  3.68174
  3.68274
  3.68374
  3.68474
  3.68574
  3.68674
  3.68774
  3.68874
  3.68974
  3.69074
  3.69174
  3.69274
  3.69374
  3.69474
  3.69574
  3.69674
  3.69774
  3.69874
  3.69974
  3.70074
  3.70174
  3.70274
  3.70374
  3.70474
  3.70574
  3.70674
  3.70774
  3.70874
  3.70974
  3.71074
  3.71174
  3.71274
  3.71374
  3.71474
  3.71574
  3.71674
  3.71774
  3.71874
  3.71974
  3.72074
  3.72174
  3.72274
  3.72374
  3.72474
  3.72575
  3.72675
  3.72775
  3.72875
  3.72975
  3.73075
  3.73175
  3.73275
  3.73375
  3.73475
  3.73575
  3.73675
  3.73775
  3.73875
  3.73975
  3.74075
  3.74175
  3.74275
  3.74375
  3.74475
  3.74575
  3.74675
  3.74775
  3.74875
  3.74975
  3.75075
  3.75175
  3.75275
  3.75375
  3.75475
  3.75575
  3.75675
  3.75775
  3.75875
  3.75975
  3.76075
  3.76175
  3.76275
  3.76375
  3.76475
  3.76575
  3.76675
  3.76775
  3.76875
  3.76975
  3.77075
  3.77175
  3.77275
  3.77375
  3.77475
  3.77576
  3.77676
  3.77776
  3.77876
  3.77976
  3.78076
  3.78176
  3.78276
  3.78376
  3.78476
  3.78576
  3.78676
  3.78776
  3.78876
  3.78976
  3.79076
  3.79176
  3.79276
  3.79376
  3.79476
  3.79576
  3.79676
  3.79776
  3.79876
  3.79976
  3.80076
  3.80176
  3.80276
  3.80376
  3.80476
  3.80576
  3.80676
  3.80776
  3.80876
  3.80976
  3.81076
  3.81176
  3.81276
  3.81376
  3.81476
  3.81576
  3.81676
  3.81776
  3.81876
  3.81976
  3.82076
  3.82176
  3.82276
  3.82376
  3.82476
  3.82577
  3.82677
  3.82777
  3.82877
  3.82977
  3.83077
  3.83177
  3.83277
  3.83377
  3.83477
  3.83577
  3.83677
  3.83777
  3.83877
  3.83977
  3.84077
  3.84177
  3.84277
  3.84377
  3.84477
  3.84577
  3.84677
  3.84777
  3.84877
  3.84977
  3.85077
  3.85177
  3.85277
  3.85377
  3.85477
  3.85577
  3.85677
  3.85777
  3.85877
  3.85977
  3.86077
  3.86177
  3.86277
  3.86377
  3.86477
  3.86577
  3.86677
  3.86777
  3.86877
  3.86977
  3.87077
  3.87177
  3.87277
  3.87377
  3.87477
  3.87578
  3.87678
  3.87778
  3.87878
  3.87978
  3.88078
  3.88178
  3.88278
  3.88378
  3.88478
  3.88578
  3.88678
  3.88778
  3.88878
  3.88978
  3.89078
  3.89178
  3.89278
  3.89378
  3.89478
  3.89578
  3.89678
  3.89778
  3.89878
  3.89978
  3.90078
  3.90178
  3.90278
  3.90378
  3.90478
  3.90578
  3.90678
  3.90778
  3.90878
  3.90978
  3.91078
  3.91178
  3.91278
  3.91378
  3.91478
  3.91578
  3.91678
  3.91778
  3.91878
  3.91978
  3.92078
  3.92178
  3.92278
  3.92378
  3.92478
  3.92579
  3.92679
  3.92779
  3.92879
  3.92979
  3.93079
  3.93179
  3.93279
  3.93379
  3.93479
  3.93579
  3.93679
  3.93779
  3.93879
  3.93979
  3.94079
  3.94179
  3.94279
  3.94379
  3.94479
  3.94579
  3.94679
  3.94779
  3.94879
  3.94979
  3.95079
  3.95179
  3.95279
  3.95379
  3.95479
  3.95579
  3.95679
  3.95779
  3.95879
  3.95979
  3.96079
  3.96179
  3.96279
  3.96379
  3.96479
  3.96579
  3.96679
  3.96779
  3.96879
  3.96979
  3.97079
  3.97179
  3.97279
  3.97379
  3.97479
   3.9758
   3.9768
   3.9778
   3.9788
   3.9798
   3.9808
   3.9818
   3.9828
   3.9838
   3.9848
   3.9858
   3.9868
   3.9878
   3.9888
   3.9898
   3.9908
   3.9918
   3.9928
   3.9938
   3.9948
   3.9958
   3.9968
   3.9978
   3.9988
   3.9998
   4.0008
   4.0018
   4.0028
   4.0038
   4.0048
   4.0058
   4.0068
   4.0078
   4.0088
   4.0098
   4.0108
   4.0118
   4.0128
   4.0138
   4.0148
   4.0158
   4.0168
   4.0178
   4.0188
   4.0198
   4.0208
   4.0218
   4.0228
   4.0238
   4.0248
  4.02581
  4.02681
  4.02781
  4.02881
  4.02981
  4.03081
  4.03181
  4.03281
  4.03381
  4.03481
  4.03581
  4.03681
  4.03781
  4.03881
  4.03981
  4.04081
  4.04181
  4.04281
  4.04381
  4.04481
  4.04581
  4.04681
  4.04781
  4.04881
  4.04981
  4.05081
  4.05181
  4.05281
  4.05381
  4.05481
  4.05581
  4.05681
  4.05781
  4.05881
  4.05981
  4.06081
  4.06181
  4.06281
  4.06381
  4.06481
  4.06581
  4.06681
  4.06781
  4.06881
  4.06981
  4.07081
  4.07181
  4.07281
  4.07381
  4.07481
  4.07582
  4.07682
  4.07782
  4.07882
  4.07982
  4.08082
  4.08182
  4.08282
  4.08382
  4.08482
  4.08582
  4.08682
  4.08782
  4.08882
  4.08982
  4.09082
  4.09182
  4.09282
  4.09382
  4.09482
  4.09582
  4.09682
  4.09782
  4.09882
  4.09982
  4.10082
  4.10182
  4.10282
  4.10382
  4.10482
  4.10582
  4.10682
  4.10782
  4.10882
  4.10982
  4.11082
  4.11182
  4.11282
  4.11382
  4.11482
  4.11582
  4.11682
  4.11782
  4.11882
  4.11982
  4.12082
  4.12182
  4.12282
  4.12382
  4.12482
  4.12583
  4.12683
  4.12783
  4.12883
  4.12983
  4.13083
  4.13183
  4.13283
  4.13383
  4.13483
  4.13583
  4.13683
  4.13783
  4.13883
  4.13983
  4.14083
  4.14183
  4.14283
  4.14383
  4.14483
  4.14583
  4.14683
  4.14783
  4.14883
  4.14983
  4.15083
  4.15183
  4.15283
  4.15383
  4.15483
  4.15583
  4.15683
  4.15783
  4.15883
  4.15983
  4.16083
  4.16183
  4.16283
  4.16383
  4.16483
  4.16583
  4.16683
  4.16783
  4.16883
  4.16983
  4.17083
  4.17183
  4.17283
  4.17383
  4.17483
  4.17584
  4.17684
  4.17784
  4.17884
  4.17984
  4.18084
  4.18184
  4.18284
  4.18384
  4.18484
  4.18584
  4.18684
  4.18784
  4.18884
  4.18984
  4.19084
  4.19184
  4.19284
  4.19384
  4.19484
  4.19584
  4.19684
  4.19784
  4.19884
  4.19984
  4.20084
  4.20184
  4.20284
  4.20384
  4.20484
  4.20584
  4.20684
  4.20784
  4.20884
  4.20984
  4.21084
  4.21184
  4.21284
  4.21384
  4.21484
  4.21584
  4.21684
  4.21784
  4.21884
  4.21984
  4.22084
  4.22184
  4.22284
  4.22384
  4.22484
  4.22585
  4.22685
  4.22785
  4.22885
  4.22985
  4.23085
  4.23185
  4.23285
  4.23385
  4.23485
  4.23585
  4.23685
  4.23785
  4.23885
  4.23985
  4.24085
  4.24185
  4.24285
  4.24385
  4.24485
  4.24585
  4.24685
  4.24785
  4.24885
  4.24985
  4.25085
  4.25185
  4.25285
  4.25385
  4.25485
  4.25585
  4.25685
  4.25785
  4.25885
  4.25985
  4.26085
  4.26185
  4.26285
  4.26385
  4.26485
  4.26585
  4.26685
  4.26785
  4.26885
  4.26985
  4.27085
  4.27185
  4.27285
  4.27385
  4.27485
  4.27586
  4.27686
  4.27786
  4.27886
  4.27986
  4.28086
  4.28186
  4.28286
  4.28386
  4.28486
  4.28586
  4.28686
  4.28786
  4.28886
  4.28986
  4.29086
  4.29186
  4.29286
  4.29386
  4.29486
  4.29586
  4.29686
  4.29786
  4.29886
  4.29986
  4.30086
  4.30186
  4.30286
  4.30386
  4.30486
  4.30586
  4.30686
  4.30786
  4.30886
  4.30986
  4.31086
  4.31186
  4.31286
  4.31386
  4.31486
  4.31586
  4.31686
  4.31786
  4.31886
  4.31986
  4.32086
  4.32186
  4.32286
  4.32386
  4.32486
  4.32587
  4.32687
  4.32787
  4.32887
  4.32987
  4.33087
  4.33187
  4.33287
  4.33387
  4.33487
  4.33587
  4.33687
  4.33787
  4.33887
  4.33987
  4.34087
  4.34187
  4.34287
  4.34387
  4.34487
  4.34587
  4.34687
  4.34787
  4.34887
  4.34987
  4.35087
  4.35187
  4.35287
  4.35387
  4.35487
  4.35587
  4.35687
  4.35787
  4.35887
  4.35987
  4.36087
  4.36187
  4.36287
  4.36387
  4.36487
  4.36587
  4.36687
  4.36787
  4.36887
  4.36987
  4.37087
  4.37187
  4.37287
  4.37387
  4.37487
  4.37588
  4.37688
  4.37788
  4.37888
  4.37988
  4.38088
  4.38188
  4.38288
  4.38388
  4.38488
  4.38588
  4.38688
  4.38788
  4.38888
  4.38988
  4.39088
  4.39188
  4.39288
  4.39388
  4.39488
  4.39588
  4.39688
  4.39788
  4.39888
  4.39988
  4.40088
  4.40188
  4.40288
  4.40388
  4.40488
  4.40588
  4.40688
  4.40788
  4.40888
  4.40988
  4.41088
  4.41188
  4.41288
  4.41388
  4.41488
  4.41588
  4.41688
  4.41788
  4.41888
  4.41988
  4.42088
  4.42188
  4.42288
  4.42388
  4.42488
  4.42589
  4.42689
  4.42789
  4.42889
  4.42989
  4.43089
  4.43189
  4.43289
  4.43389
  4.43489
  4.43589
  4.43689
  4.43789
  4.43889
  4.43989
  4.44089
  4.44189
  4.44289
  4.44389
  4.44489
  4.44589
  4.44689
  4.44789
  4.44889
  4.44989
  4.45089
  4.45189
  4.45289
  4.45389
  4.45489
  4.45589
  4.45689
  4.45789
  4.45889
  4.45989
  4.46089
  4.46189
  4.46289
  4.46389
  4.46489
  4.46589
  4.46689
  4.46789
  4.46889
  4.46989
  4.47089
  4.47189
  4.47289
  4.47389
  4.47489
   4.4759
   4.4769
   4.4779
   4.4789
   4.4799
   4.4809
   4.4819
   4.4829
   4.4839
   4.4849
   4.4859
   4.4869
   4.4879
   4.4889
   4.4899
   4.4909
   4.4919
   4.4929
   4.4939
   4.4949
   4.4959
   4.4969
   4.4979
   4.4989
   4.4999
   4.5009
   4.5019
   4.5029
   4.5039
   4.5049
   4.5059
   4.5069
   4.5079
   4.5089
   4.5099
   4.5109
   4.5119
   4.5129
   4.5139
   4.5149
   4.5159
   4.5169
   4.5179
   4.5189
   4.5199
   4.5209
   4.5219
   4.5229
   4.5239
   4.5249
  4.52591
  4.52691
  4.52791
  4.52891
  4.52991
  4.53091
  4.53191
  4.53291
  4.53391
  4.53491
  4.53591
  4.53691
  4.53791
  4.53891
  4.53991
  4.54091
  4.54191
  4.54291
  4.54391
  4.54491
  4.54591
  4.54691
  4.54791
  4.54891
  4.54991
  4.55091
  4.55191
  4.55291
  4.55391
  4.55491
  4.55591
  4.55691
  4.55791
  4.55891
  4.55991
  4.56091
  4.56191
  4.56291
  4.56391
  4.56491
  4.56591
  4.56691
  4.56791
  4.56891
  4.56991
  4.57091
  4.57191
  4.57291
  4.57391
  4.57491
  4.57592
  4.57692
  4.57792
  4.57892
  4.57992
  4.58092
  4.58192
  4.58292
  4.58392
  4.58492
  4.58592
  4.58692
  4.58792
  4.58892
  4.58992
  4.59092
  4.59192
  4.59292
  4.59392
  4.59492
  4.59592
  4.59692
  4.59792
  4.59892
  4.59992
  4.60092
  4.60192
  4.60292
  4.60392
  4.60492
  4.60592
  4.60692
  4.60792
  4.60892
  4.60992
  4.61092
  4.61192
  4.61292
  4.61392
  4.61492
  4.61592
  4.61692
  4.61792
  4.61892
  4.61992
  4.62092
  4.62192
  4.62292
  4.62392
  4.62492
  4.62593
  4.62693
  4.62793
  4.62893
  4.62993
  4.63093
  4.63193
  4.63293
  4.63393
  4.63493
  4.63593
  4.63693
  4.63793
  4.63893
  4.63993
  4.64093
  4.64193
  4.64293
  4.64393
  4.64493
  4.64593
  4.64693
  4.64793
  4.64893
  4.64993
  4.65093
  4.65193
  4.65293
  4.65393
  4.65493
  4.65593
  4.65693
  4.65793
  4.65893
  4.65993
  4.66093
  4.66193
  4.66293
  4.66393
  4.66493
  4.66593
  4.66693
  4.66793
  4.66893
  4.66993
  4.67093
  4.67193
  4.67293
  4.67393
  4.67493
  4.67594
  4.67694
  4.67794
  4.67894
  4.67994
  4.68094
  4.68194
  4.68294
  4.68394
  4.68494
  4.68594
  4.68694
  4.68794
  4.68894
  4.68994
  4.69094
  4.69194
  4.69294
  4.69394
  4.69494
  4.69594
  4.69694
  4.69794
  4.69894
  4.69994
  4.70094
  4.70194
  4.70294
  4.70394
  4.70494
  4.70594
  4.70694
  4.70794
  4.70894
  4.70994
  4.71094
  4.71194
  4.71294
  4.71394
  4.71494
  4.71594
  4.71694
  4.71794
  4.71894
  4.71994
  4.72094
  4.72194
  4.72294
  4.72394
  4.72494
  4.72595
  4.72695
  4.72795
  4.72895
  4.72995
  4.73095
  4.73195
  4.73295
  4.73395
  4.73495
  4.73595
  4.73695
  4.73795
  4.73895
  4.73995
  4.74095
  4.74195
  4.74295
  4.74395
  4.74495
  4.74595
  4.74695
  4.74795
  4.74895
  4.74995
  4.75095
  4.75195
  4.75295
  4.75395
  4.75495
  4.75595
  4.75695
  4.75795
  4.75895
  4.75995
  4.76095
  4.76195
  4.76295
  4.76395
  4.76495
  4.76595
  4.76695
  4.76795
  4.76895
  4.76995
  4.77095
  4.77195
  4.77295
  4.77395
  4.77495
  4.77596
  4.77696
  4.77796
  4.77896
  4.77996
  4.78096
  4.78196
  4.78296
  4.78396
  4.78496
  4.78596
  4.78696
  4.78796
  4.78896
  4.78996
  4.79096
  4.79196
  4.79296
  4.79396
  4.79496
  4.79596
  4.79696
  4.79796
  4.79896
  4.79996
  4.80096
  4.80196
  4.80296
  4.80396
  4.80496
  4.80596
  4.80696
  4.80796
  4.80896
  4.80996
  4.81096
  4.81196
  4.81296
  4.81396
  4.81496
  4.81596
  4.81696
  4.81796
  4.81896
  4.81996
  4.82096
  4.82196
  4.82296
  4.82396
  4.82496
  4.82597
  4.82697
  4.82797
  4.82897
  4.82997
  4.83097
  4.83197
  4.83297
  4.83397
  4.83497
  4.83597
  4.83697
  4.83797
  4.83897
  4.83997
  4.84097
  4.84197
  4.84297
  4.84397
  4.84497
  4.84597
  4.84697
  4.84797
  4.84897
  4.84997
  4.85097
  4.85197
  4.85297
  4.85397
  4.85497
  4.85597
  4.85697
  4.85797
  4.85897
  4.85997
  4.86097
  4.86197
  4.86297
  4.86397
  4.86497
  4.86597
  4.86697
  4.86797
  4.86897
  4.86997
  4.87097
  4.87197
  4.87297
  4.87397
  4.87497
  4.87598
  4.87698
  4.87798
  4.87898
  4.87998
  4.88098
  4.88198
  4.88298
  4.88398
  4.88498
  4.88598
  4.88698
  4.88798
  4.88898
  4.88998
  4.89098
  4.89198
  4.89298
  4.89398
  4.89498
  4.89598
  4.89698
  4.89798
  4.89898
  4.89998
  4.90098
  4.90198
  4.90298
  4.90398
  4.90498
  4.90598
  4.90698
  4.90798
  4.90898
  4.90998
  4.91098
  4.91198
  4.91298
  4.91398
  4.91498
  4.91598
  4.91698
  4.91798
  4.91898
  4.91998
  4.92098
  4.92198
  4.92298
  4.92398
  4.92498
  4.92599
  4.92699
  4.92799
  4.92899
  4.92999
  4.93099
  4.93199
  4.93299
  4.93399
  4.93499
  4.93599
  4.93699
  4.93799
  4.93899
  4.93999
  4.94099
  4.94199
  4.94299
  4.94399
  4.94499
  4.94599
  4.94699
  4.94799
  4.94899
  4.94999
  4.95099
  4.95199
  4.95299
  4.95399
  4.95499
  4.95599
  4.95699
  4.95799
  4.95899
  4.95999
  4.96099
  4.96199
  4.96299
  4.96399
  4.96499
  4.96599
  4.96699
  4.96799
  4.96899
  4.96999
  4.97099
  4.97199
  4.97299
  4.97399
  4.97499
    4.976
    4.977
    4.978
    4.979
     4.98
    4.981
    4.982
    4.983
    4.984
    4.985
    4.986
    4.987
    4.988
    4.989
     4.99
    4.991
    4.992
    4.993
    4.994
    4.995
    4.996
    4.997
    4.998
    4.999
        5