          0
 4.5076e-06
8.98049e-06
1.33912e-05
1.77877e-05
2.24646e-05
2.69653e-05
3.14823e-05
3.57056e-05
4.00312e-05
4.45503e-05
4.87672e-05
5.31349e-05
5.74652e-05
6.18564e-05
6.62029e-05
7.05475e-05
 7.4819e-05
 7.9173e-05
8.34084e-05
8.78962e-05
9.23202e-05
9.65968e-05
0.000100796
0.000105409
0.000109519
 0.00011381
0.000117979
0.000122291
0.000126677
0.000130832
 0.00013502
0.000139039
0.000142978
0.000147605
0.000151529
 0.00015532
0.000159388
0.000163715
0.000167209
0.000171068
0.000175377
0.000179335
 0.00018362
0.000187397
 0.00019176
0.000195205
0.000198965
0.000203587
0.000207732
0.000211714
0.000215664
0.000219639
0.000223993
0.000228242
0.000232535
0.000236914
0.000240804
0.000244954
0.000249101
 0.00025295
0.000256385
0.000260914
0.000264618
0.000268451
 0.00027226
0.000276289
0.000280129
 0.00028378
0.000287697
0.000291896
0.000295445
0.000299925
0.000303319
0.000307209
0.000311191
0.000315259
0.000318599
0.000322823
0.000326946
0.000331028
0.000334869
0.000338584
0.000341975
0.000345425
0.000348947
0.000353081
0.000356532
0.000359392
0.000363812
0.000367772
0.000371555
0.000375027
0.000377948
0.000381877
0.000385209
0.000389099
0.000392714
0.000397088
0.000400626
0.000403372
0.000406504
0.000410259
 0.00041419
0.000418042
0.000422076
0.000426274
0.000429765
0.000433826
 0.00043703
0.000440402
0.000444335
0.000447776
0.000451581
0.000454763
0.000459027
0.000462603
0.000465814
0.000470481
0.000473343
0.000476772
  0.0004801
0.000483434
0.000487061
0.000490341
0.000494151
0.000497162
0.000500241
0.000503703
0.000507426
 0.00051132
  0.0005152
0.000518684
0.000522955
0.000525588
0.000528471
0.000531152
0.000534492
0.000538655
0.000542302
0.000545572
0.000549103
0.000552413
 0.00055499
0.000558646
0.000562557
0.000565205
0.000568046
0.000570696
0.000573695
0.000577655
0.000580204
0.000582676
0.000584682
 0.00058807
0.000591063
0.000594285
0.000597259
0.000600076
0.000603045
0.000606539
0.000610622
0.000613833
 0.00061732
0.000620712
 0.00062466
0.000626905
0.000629508
0.000632301
0.000634797
0.000636718
0.000639191
0.000642643
0.000645819
0.000649506
0.000652286
0.000654608
0.000658219
 0.00066177
0.000664846
0.000666932
0.000670089
0.000673223
0.000676339
0.000679595
0.000681855
0.000685073
0.000687525
0.000689998
 0.00069302
 0.00069604
0.000698241
0.000701128
0.000704894
0.000707129
0.000710268
0.000712969
0.000716004
0.000719187
0.000722202
0.000725781
0.000728133
0.000730317
0.000733479
0.000736667
0.000738897
 0.00074304
0.000745951
0.000748935
0.000753132
  0.0007557
0.000758693
0.000762007
0.000765272
 0.00076762
0.000771586
0.000774963
0.000778721
0.000781108
0.000783964
 0.00078732
0.000790184
0.000793628
0.000796464
0.000799864
0.000802591
 0.00080532
0.000808873
0.000811987
0.000815549
0.000817951
0.000819919
0.000822978
0.000825846
0.000829362
0.000832214
0.000836413
0.000839387
0.000842403
0.000844883
0.000847094
0.000850283
0.000854227
0.000857259
0.000860001
0.000862999
0.000865253
0.000867803
0.000870013
0.000872309
0.000874877
0.000877153
 0.00088082
0.000882968
  0.0008859
0.000887939
0.000891681
0.000894957
0.000896198
 0.00089851
0.000901766
0.000904271
0.000906595
0.000910346
 0.00091211
0.000915564
0.000918661
0.000921035
0.000923706
0.000927053
0.000928556
0.000931669
0.000934816
0.000938891
0.000942652
0.000946206
0.000948683
0.000951692
0.000954129
0.000957377
0.000960466
0.000962864
0.000965182
0.000967512
0.000970106
0.000973813
0.000976198
 0.00097803
0.000979181
 0.00098084
0.000983402
0.000985988
0.000989162
0.000991964
0.000995103
0.000997849
  0.0010004
 0.00100137
 0.00100389
 0.00100586
 0.00100784
 0.00100968
 0.00101266
 0.00101472
 0.00101844
 0.00102135
  0.0010228
 0.00102494
 0.00102766
 0.00103006
 0.00103118
 0.00103456
 0.00103695
 0.00103874
 0.00104024
  0.0010431
 0.00104507
 0.00104782
 0.00105045
  0.0010521
 0.00105451
 0.00105754
 0.00105997
 0.00106322
 0.00106567
 0.00106842
 0.00107065
  0.0010739
 0.00107653
  0.0010782
 0.00107977
 0.00108144
 0.00108615
 0.00108948
 0.00109218
 0.00109523
 0.00109921
 0.00110165
 0.00110479
 0.00110643
 0.00110713
  0.0011103
 0.00111215
 0.00111372
 0.00111526
 0.00111742
 0.00111949
  0.0011217
  0.0011239
 0.00112671
 0.00112977
   0.001132
 0.00113493
 0.00113734
  0.0011397
 0.00114133
 0.00114378
 0.00114657
 0.00114707
 0.00114993
 0.00115199
 0.00115479
 0.00115732
 0.00116102
 0.00116208
 0.00116496
 0.00116785
 0.00116886
  0.0011716
 0.00117518
 0.00117774
 0.00117981
 0.00118108
 0.00118362
 0.00118518
 0.00118707
 0.00118894
 0.00119127
 0.00119316
 0.00119509
 0.00119629
 0.00119896
 0.00120202
 0.00120355
 0.00120606
 0.00120801
  0.0012087
 0.00120989
 0.00121112
 0.00121195
 0.00121396
 0.00121638
 0.00121813
 0.00121956
 0.00122097
 0.00122365
 0.00122587
 0.00122922
 0.00123195
 0.00123393
 0.00123469
 0.00123697
 0.00123981
 0.00124235
 0.00124438
 0.00124656
 0.00124947
 0.00125174
 0.00125348
 0.00125401
 0.00125573
  0.0012591
 0.00126192
 0.00126359
  0.0012653
 0.00126694
  0.0012685
 0.00127138
 0.00127231
 0.00127289
 0.00127499
 0.00127676
 0.00127862
 0.00128109
 0.00128407
 0.00128622
  0.0012876
 0.00128949
  0.0012925
 0.00129408
 0.00129559
 0.00129748
 0.00129995
 0.00130256
  0.0013043
 0.00130539
 0.00130771
 0.00130985
 0.00131109
 0.00131389
 0.00131541
 0.00131704
 0.00131837
 0.00132052
 0.00132224
  0.0013238
 0.00132536
 0.00132832
 0.00132928
 0.00133185
 0.00133335
 0.00133467
 0.00133614
 0.00133705
 0.00133953
  0.0013425
 0.00134417
 0.00134622
 0.00134887
 0.00135078
 0.00135334
 0.00135443
   0.001357
 0.00135806
 0.00135845
 0.00136051
 0.00136347
  0.0013653
 0.00136724
  0.0013685
 0.00136935
 0.00137048
 0.00137097
 0.00137283
 0.00137433
 0.00137549
 0.00137844
 0.00137975
 0.00138146
 0.00138289
  0.0013848
 0.00138582
 0.00138764
 0.00138854
 0.00139092
 0.00139247
 0.00139536
 0.00139687
 0.00139839
 0.00139954
 0.00140053
 0.00140282
 0.00140619
 0.00140769
 0.00140974
 0.00141209
 0.00141392
 0.00141618
 0.00141743
 0.00141906
 0.00142145
 0.00142282
 0.00142406
 0.00142519
 0.00142638
 0.00142806
  0.0014287
 0.00142992
 0.00143254
  0.0014334
 0.00143393
 0.00143507
  0.0014367
 0.00143868
 0.00144047
 0.00144195
 0.00144336
  0.0014449
 0.00144545
  0.0014469
 0.00144762
 0.00144834
 0.00144903
 0.00145048
 0.00145085
 0.00145429
 0.00145468
 0.00145685
 0.00145972
 0.00145973
 0.00146099
 0.00146365
 0.00146493
  0.0014658
 0.00146665
 0.00146803
 0.00147002
 0.00147108
 0.00147163
 0.00147333
 0.00147468
  0.0014756
 0.00147731
 0.00147848
 0.00147856
 0.00148013
 0.00148066
 0.00148336
 0.00148426
 0.00148512
 0.00148688
 0.00148906
 0.00149027
 0.00149179
 0.00149218
 0.00149433
 0.00149544
 0.00149735
 0.00149921
 0.00150195
 0.00150521
 0.00150645
 0.00150779
 0.00150947
  0.0015126
 0.00151555
 0.00151672
 0.00151857
 0.00151917
 0.00151917
 0.00151977
 0.00152136
 0.00152364
 0.00152511
 0.00152617
 0.00152695
 0.00152861
 0.00152991
 0.00152992
 0.00153102
 0.00153328
 0.00153458
 0.00153436
  0.0015373
 0.00153807
 0.00154053
 0.00154102
 0.00154367
 0.00154508
 0.00154553
 0.00154807
 0.00154867
  0.0015507
 0.00155232
 0.00155403
 0.00155502
 0.00155597
 0.00155796
  0.0015605
 0.00156142
  0.0015624
 0.00156448
 0.00156629
 0.00156709
 0.00156707
 0.00156826
 0.00157086
 0.00157215
 0.00157322
 0.00157624
 0.00157621
 0.00157838
 0.00157958
 0.00158158
 0.00158265
 0.00158465
 0.00158651
 0.00159005
 0.00158972
 0.00158956
 0.00159035
 0.00159085
 0.00159219
 0.00159272
 0.00159352
 0.00159391
 0.00159462
 0.00159534
 0.00159652
 0.00159761
 0.00160065
 0.00160201
 0.00160422
  0.0016056
 0.00160729
 0.00160793
 0.00160833
 0.00161044
 0.00161303
  0.0016125
 0.00161328
 0.00161439
 0.00161551
 0.00161503
 0.00161714
 0.00161868
 0.00161963
 0.00161918
 0.00162144
 0.00162299
 0.00162369
 0.00162456
 0.00162602
 0.00162714
 0.00162799
  0.0016301
 0.00162982
 0.00163031
 0.00163233
 0.00163235
 0.00163356
 0.00163565
 0.00163721
 0.00163827
 0.00163824
 0.00163861
 0.00163821
 0.00163795
 0.00163819
 0.00163948
 0.00164187
 0.00164341
 0.00164468
 0.00164553
 0.00164693
 0.00164774
 0.00165006
 0.00165112
 0.00165338
 0.00165423
 0.00165496
 0.00165557
 0.00165805
 0.00165989
  0.0016601
  0.0016623
 0.00166353
 0.00166634
 0.00166929
 0.00166942
 0.00167113
 0.00167349
 0.00167473
 0.00167648
 0.00167668
 0.00167853
 0.00168063
 0.00168358
 0.00168408
 0.00168698
  0.0016889
 0.00169048
 0.00169249
 0.00169358
 0.00169538
 0.00169546
 0.00169697
 0.00169699
 0.00169694
 0.00169803
 0.00170075
 0.00170019
 0.00170126
 0.00170237
 0.00170187
  0.0017012
 0.00170192
 0.00170241
 0.00170431
 0.00170559
 0.00170732
 0.00170847
 0.00171056
 0.00171208
   0.001714
 0.00171532
 0.00171688
 0.00171795
 0.00171922
 0.00172083
 0.00172039
 0.00172131
 0.00172186
 0.00172311
 0.00172587
 0.00172705
 0.00172976
    0.00173
 0.00173128
 0.00173012
 0.00173098
  0.0017321
 0.00173063
 0.00173219
 0.00173323
 0.00173367
 0.00173535
 0.00173584
 0.00173577
 0.00173705
 0.00173856
 0.00174039
 0.00174047
 0.00174108
 0.00174162
 0.00174196
  0.0017444
 0.00174502
 0.00174566
 0.00174693
 0.00174735
 0.00174945
 0.00175089
 0.00175216
 0.00175234
  0.0017531
 0.00175421
 0.00175519
 0.00175821
 0.00175958
 0.00176024
 0.00176102
  0.0017619
 0.00176313
 0.00176476
 0.00176521
 0.00176618
 0.00176934
 0.00176999
  0.0017702
 0.00177068
 0.00177175
 0.00177227
 0.00177216
 0.00177217
 0.00177228
  0.0017734
 0.00177282
 0.00177341
 0.00177464
 0.00177504
  0.0017752
 0.00177515
 0.00177712
 0.00177673
 0.00177819
 0.00178113
 0.00177933
 0.00177939
 0.00178064
 0.00178114
 0.00178263
 0.00178195
 0.00178163
 0.00178377
 0.00178328
 0.00178296
 0.00178477
 0.00178466
 0.00178756
 0.00178828
 0.00178995
 0.00179022
 0.00179033
  0.0017922
 0.00179303
 0.00179368
 0.00179311
 0.00179368
 0.00179502
 0.00179612
 0.00179765
 0.00179733
 0.00179776
  0.0017998
 0.00180008
 0.00180159
 0.00180122
 0.00180227
  0.0018034
 0.00180327
 0.00180449
 0.00180529
   0.001807
 0.00180757
 0.00180898
 0.00180925
 0.00181055
 0.00180997
  0.0018101
 0.00181126
 0.00181061
 0.00181067
 0.00181252
 0.00181254
 0.00181325
 0.00181135
 0.00181286
 0.00181246
 0.00181282
 0.00181491
 0.00181676
 0.00181656
 0.00181784
 0.00181984
 0.00182119
 0.00182165
 0.00182192
 0.00182387
 0.00182472
 0.00182586
 0.00182561
 0.00182672
 0.00182711
  0.0018284
   0.001829
  0.0018308
 0.00183141
 0.00183111
 0.00183173
 0.00183309
 0.00183453
 0.00183563
 0.00183643
 0.00183757
 0.00183721
 0.00183728
 0.00183833
 0.00183845
 0.00183885
 0.00184037
 0.00184021
 0.00184093
 0.00184105
  0.0018435
  0.0018439
 0.00184572
 0.00184702
 0.00184884
 0.00185091
 0.00185197
 0.00185201
 0.00185199
 0.00185204
 0.00185347
 0.00185383
 0.00185527
 0.00185513
  0.0018559
 0.00185676
 0.00185779
 0.00185813
 0.00185974
 0.00185997
 0.00186051
 0.00186083
 0.00186239
 0.00186377
 0.00186529
 0.00186569
 0.00186562
 0.00186625
 0.00186756
 0.00186842
 0.00186906
 0.00187085
 0.00187298
 0.00187331
 0.00187494
 0.00187428
 0.00187565
 0.00187429
 0.00187558
 0.00187639
 0.00187809
 0.00187926
 0.00188067
 0.00188008
 0.00187845
 0.00187833
 0.00187678
 0.00187745
 0.00187895
 0.00188042
  0.0018812
 0.00188101
 0.00188189
 0.00188066
 0.00188204
 0.00188153
 0.00188263
 0.00188394
 0.00188398
 0.00188548
 0.00188717
 0.00188989
 0.00188975
 0.00189052
  0.0018916
 0.00189224
 0.00189178
 0.00189243
 0.00189304
 0.00189344
 0.00189276
 0.00189508
 0.00189536
 0.00189642
 0.00189795
 0.00189589
 0.00189667
 0.00189712
 0.00189889
 0.00190065
 0.00190321
 0.00190323
 0.00190463
 0.00190497
 0.00190562
 0.00190716
 0.00190843
 0.00190949
 0.00190945
 0.00191054
 0.00191046
 0.00191062
 0.00191194
 0.00191278
 0.00191247
 0.00191393
 0.00191522
 0.00191629
 0.00191625
 0.00191629
 0.00191745
   0.001919
 0.00191987
 0.00191913
  0.0019193
 0.00191996
 0.00191993
 0.00192214
 0.00192348
  0.0019247
 0.00192602
 0.00192773
 0.00192863
 0.00192951
 0.00192834
 0.00192742
 0.00192868
 0.00192989
 0.00193219
 0.00193371
 0.00193314
 0.00193353
 0.00193334
 0.00193372
 0.00193298
 0.00193222
 0.00193444
 0.00193545
 0.00193661
  0.0019377
 0.00193626
 0.00193936
 0.00194188
 0.00194078
 0.00194214
 0.00194232
 0.00194265
 0.00194297
 0.00194388
 0.00194526
 0.00194615
 0.00194698
 0.00194853
 0.00194776
 0.00194696
 0.00194953
 0.00194778
 0.00195027
 0.00195221
 0.00195311
 0.00195354
 0.00195305
 0.00195271
 0.00195459
 0.00195659
 0.00195664
 0.00195624
 0.00195664
 0.00195636
 0.00195709
 0.00195958
 0.00196027
 0.00196061
 0.00196127
 0.00196124
 0.00196302
 0.00196323
 0.00196278
 0.00196383
 0.00196571
 0.00196666
 0.00196613
 0.00196398
 0.00196424
  0.0019657
 0.00196559
 0.00196451
 0.00196522
 0.00196691
 0.00196675
 0.00196775
 0.00196609
 0.00196669
 0.00196771
  0.0019693
 0.00197134
 0.00197231
 0.00197337
 0.00197179
 0.00197191
 0.00197373
 0.00197438
 0.00197491
 0.00197505
 0.00197586
 0.00197664
 0.00197796
 0.00197804
 0.00197727
 0.00197866
 0.00198023
 0.00198065
 0.00198097
 0.00198022
 0.00197982
 0.00197975
 0.00198035
  0.0019801
 0.00198161
 0.00198384
 0.00198397
 0.00198393
 0.00198451
 0.00198474
 0.00198568
  0.0019856
  0.0019858
 0.00198711
 0.00198752
 0.00199015
 0.00198907
 0.00198836
 0.00198918
  0.0019897
 0.00199056
 0.00199058
 0.00199271
 0.00199186
 0.00199221
 0.00199183
 0.00199211
 0.00199311
 0.00199522
 0.00199518
 0.00199569
  0.0019958
 0.00199561
 0.00199431
 0.00199441
 0.00199568
 0.00199547
 0.00199671
 0.00199656
 0.00199699
 0.00199718
 0.00199711
 0.00199551
 0.00199611
 0.00199762
 0.00199844
 0.00199909
 0.00199903
 0.00199837
 0.00199962
 0.00200061
 0.00200289
 0.00200273
 0.00200192
 0.00200244
 0.00200257
   0.002003
 0.00200326
  0.0020022
 0.00200183
 0.00200081
 0.00200269
 0.00200301
 0.00200296
 0.00200331
 0.00200363
  0.0020031
 0.00200382
 0.00200403
 0.00200525
 0.00200623
 0.00200821
  0.0020087
 0.00201028
 0.00201122
 0.00201229
 0.00201188
 0.00201289
 0.00201353
 0.00201266
 0.00201195
 0.00201333
 0.00201373
 0.00201324
 0.00201289
 0.00201198
 0.00201362
 0.00201358
 0.00201519
 0.00201608
 0.00201702
 0.00201775
 0.00201811
 0.00202009
  0.0020206
 0.00202106
 0.00202343
 0.00202349
 0.00202393
 0.00202407
 0.00202436
 0.00202428
 0.00202431
 0.00202453
 0.00202418
 0.00202578
 0.00202499
 0.00202486
 0.00202487
 0.00202554
 0.00202615
 0.00202794
 0.00202677
 0.00202679
 0.00202702
  0.0020278
 0.00202735
 0.00202787
 0.00202714
 0.00202734
 0.00202669
 0.00202671
 0.00202742
  0.0020285
 0.00202778
 0.00202807
 0.00202686
 0.00202784
 0.00202803
 0.00202856
 0.00202881
 0.00202793
 0.00202766
 0.00202909
 0.00202974
 0.00203117
 0.00203211
 0.00203339
 0.00203451
 0.00203486
 0.00203425
 0.00203456
 0.00203422
 0.00203356
 0.00203376
 0.00203267
 0.00203354
 0.00203358
 0.00203485
 0.00203564
 0.00203752
 0.00203855
 0.00203937
 0.00203858
 0.00203827
 0.00203938
 0.00203931
 0.00204102
 0.00204249
 0.00204264
 0.00204276
 0.00204188
 0.00204283
 0.00204318
 0.00204557
 0.00204727
 0.00204819
 0.00204982
 0.00204993
 0.00205113
 0.00205189
  0.0020525
 0.00205359
 0.00205587
 0.00205647
 0.00205706
 0.00205739
 0.00205832
 0.00205782
 0.00205742
 0.00205683
 0.00205556
 0.00205513
 0.00205565
  0.0020557
  0.0020556
 0.00205553
 0.00205636
 0.00205598
 0.00205698
 0.00205782
 0.00205775
 0.00205779
 0.00205837
 0.00205877
 0.00205986
 0.00206116
 0.00206312
  0.0020617
 0.00206208
 0.00206409
 0.00206491
 0.00206495
 0.00206574
 0.00206469
 0.00206601
 0.00206609
 0.00206765
 0.00206759
 0.00206562
 0.00206542
 0.00206632
 0.00206617
 0.00206723
 0.00206876
 0.00206924
  0.0020693
 0.00206948
 0.00207047
 0.00207196
  0.0020728
 0.00207409
 0.00207544
 0.00207496
 0.00207429
 0.00207528
 0.00207575
 0.00207645
 0.00207816
 0.00207904
 0.00207932
 0.00207943
 0.00207873
 0.00207792
 0.00207798
 0.00207892
 0.00207841
 0.00207922
 0.00207985
 0.00208211
 0.00208429
 0.00208368
 0.00208322
 0.00208317
 0.00208377
  0.0020847
 0.00208452
 0.00208366
 0.00208422
  0.0020827
 0.00208385
 0.00208313
 0.00208345
 0.00208352
 0.00208382
 0.00208688
 0.00208613
 0.00208761
 0.00208664
 0.00208694
 0.00208772
 0.00208845
 0.00208936
 0.00208893
 0.00208886
 0.00209047
  0.0020909
 0.00209201
 0.00209315
 0.00209335
  0.0020944
 0.00209328
 0.00209268
 0.00209197
 0.00209345
 0.00209335
 0.00209405
 0.00209371
 0.00209465
 0.00209684
 0.00209519
 0.00209396
 0.00209526
 0.00209587
 0.00209597
 0.00209662
  0.0020974
  0.0020974
 0.00209656
 0.00209699
 0.00209584
 0.00209614
 0.00209528
 0.00209557
 0.00209539
 0.00209414
 0.00209546
 0.00209643
 0.00209702
 0.00209733
 0.00209689
 0.00209676
 0.00209741
 0.00209731
 0.00209947
 0.00209911
 0.00209825
 0.00209941
 0.00209895
 0.00209785
 0.00209778
 0.00209719
 0.00209768
 0.00209953
 0.00209936
 0.00209898
 0.00210089
 0.00210225
 0.00210285
  0.0021048
 0.00210417
 0.00210353
 0.00210364
 0.00210248
 0.00210162
 0.00210274
 0.00210249
 0.00210211
 0.00210351
 0.00210431
  0.0021053
 0.00210641
 0.00210771
 0.00210867
 0.00210889
 0.00210863
 0.00210902
 0.00211024
 0.00211163
 0.00211091
 0.00211213
 0.00211114
 0.00211155
 0.00211269
 0.00211328
 0.00211373
 0.00211546
 0.00211533
 0.00211603
 0.00211706
  0.0021185
 0.00211702
 0.00211673
 0.00211688
 0.00211644
 0.00211709
 0.00211784
 0.00211757
 0.00211977
 0.00211943
 0.00212037
 0.00212014
 0.00211918
 0.00211915
 0.00212014
 0.00212217
 0.00212145
 0.00212043
 0.00212101
 0.00212165
 0.00212282
 0.00212157
 0.00212166
 0.00212262
 0.00212292
 0.00212307
 0.00212369
 0.00212424
 0.00212575
 0.00212506
 0.00212568
 0.00212677
 0.00212746
  0.0021299
 0.00213036
 0.00213011
 0.00212801
 0.00212783
 0.00213019
 0.00212905
 0.00213119
 0.00212999
 0.00213178
  0.0021321
 0.00213352
 0.00213264
 0.00213318
  0.0021316
 0.00213086
 0.00213296
 0.00213275
 0.00213254
 0.00213269
 0.00213279
 0.00213301
 0.00213283
 0.00213216
 0.00213208
  0.0021342
 0.00213466
 0.00213469
 0.00213575
 0.00213723
 0.00213914
 0.00213902
 0.00213834
 0.00213757
 0.00213705
 0.00213763
   0.002138
 0.00213874
 0.00214065
 0.00213982
 0.00213989
 0.00213936
 0.00214023
  0.0021409
 0.00214216
 0.00214367
  0.0021433
 0.00214324
 0.00214447
 0.00214141
  0.0021406
 0.00214078
  0.0021425
 0.00214336
 0.00214288
 0.00214475
  0.0021457
 0.00214579
 0.00214638
 0.00214617
 0.00214694
 0.00214677
 0.00214647
 0.00214598
 0.00214663
 0.00214583
 0.00214762
 0.00214806
 0.00214769
 0.00214771
 0.00214906
 0.00214955
 0.00214906
 0.00214937
 0.00215065
 0.00215224
  0.0021523
 0.00215155
 0.00215228
 0.00215258
 0.00215407
 0.00215467
 0.00215542
 0.00215553
 0.00215676
 0.00215637
 0.00215713
 0.00215871
 0.00215802
  0.0021588
 0.00215909
 0.00215944
 0.00215797
 0.00215711
 0.00215773
 0.00215819
 0.00215946
 0.00216063
 0.00216059
 0.00216122
 0.00216083
 0.00216052
  0.0021609
 0.00216064
 0.00216052
 0.00215837
 0.00215713
 0.00215812
  0.0021575
  0.0021577
 0.00215805
 0.00215903
 0.00215877
  0.0021576
 0.00215798
  0.0021588
 0.00215882
 0.00215631
 0.00215607
 0.00215492
 0.00215515
 0.00215377
 0.00215259
 0.00215156
 0.00215087
 0.00215152
 0.00215041
 0.00215118
  0.0021515
 0.00215195
 0.00215077
 0.00214952
 0.00214995
 0.00215042
 0.00215189
 0.00215054
 0.00214984
    0.00215
 0.00215185
 0.00215243
  0.0021527
 0.00215369
 0.00215565
 0.00215747
 0.00215677
 0.00215677
  0.0021557
  0.0021564
 0.00215597
 0.00215596
 0.00215702
 0.00215654
 0.00215597
 0.00215598
 0.00215627
 0.00215659
 0.00215644
 0.00215698
 0.00215728
 0.00215875
 0.00215932
 0.00216105
 0.00216258
  0.0021635
 0.00216338
  0.0021634
 0.00216332
 0.00216446
 0.00216367
 0.00216278
 0.00216469
 0.00216275
 0.00216319
 0.00216458
 0.00216539
 0.00216524
 0.00216751
 0.00216789
 0.00216693
 0.00216729
 0.00216688
 0.00216738
 0.00216809
 0.00216843
 0.00216658
 0.00216763
 0.00216665
 0.00216657
  0.0021675
 0.00216682
 0.00216648
 0.00216804
 0.00217045
 0.00216929
 0.00216833
 0.00216988
 0.00217037
 0.00217093
 0.00217047
 0.00216962
 0.00216755
 0.00216695
 0.00216867
 0.00216847
 0.00216804
 0.00216704
 0.00216677
 0.00216629
 0.00216687
 0.00216639
 0.00216694
 0.00216729
  0.0021674
 0.00216714
  0.0021686
  0.0021684
 0.00216806
 0.00216697
 0.00216678
 0.00216877
  0.0021686
  0.0021678
 0.00216761
 0.00216709
 0.00216669
 0.00216716
 0.00216675
 0.00216767
 0.00216863
  0.0021686
 0.00216801
 0.00216806
 0.00216772
  0.0021667
 0.00216763
 0.00216703
 0.00216662
 0.00216699
 0.00216645
 0.00216528
 0.00216654
 0.00216621
 0.00216738
 0.00216911
 0.00216799
  0.0021687
 0.00216985
 0.00217066
 0.00217319
 0.00217509
 0.00217673
 0.00217581
  0.0021761
 0.00217647
 0.00217634
 0.00217598
 0.00217623
 0.00217782
 0.00217961
 0.00217839
 0.00217782
 0.00217765
 0.00217878
 0.00217864
 0.00217911
 0.00217974
 0.00217967
 0.00217955
 0.00217924
 0.00218002
 0.00218056
 0.00218222
 0.00218336
  0.0021853
 0.00218495
 0.00218477
  0.0021843
 0.00218608
 0.00218536
 0.00218511
 0.00218386
 0.00218434
 0.00218365
 0.00218404
 0.00218434
 0.00218542
 0.00218653
 0.00218725
 0.00218895
 0.00219029
 0.00219066
 0.00219305
 0.00219266
 0.00219207
 0.00219239
 0.00219298
 0.00219477
 0.00219455
 0.00219579
 0.00219584
 0.00219471
 0.00219401
  0.0021949
 0.00219616
 0.00219555
 0.00219561
 0.00219527
 0.00219496
 0.00219276
 0.00219196
 0.00219147
 0.00219058
 0.00219141
 0.00219226
   0.002192
 0.00219333
 0.00219302
  0.0021928
 0.00219073
 0.00219058
 0.00218976
 0.00218969
 0.00219026
  0.0021923
 0.00219181
 0.00219089
 0.00218971
 0.00218982
 0.00218847
 0.00218889
 0.00218764
  0.0021869
 0.00218648
 0.00218609
 0.00218552
 0.00218663
 0.00218685
 0.00218721
 0.00218677
  0.0021852
 0.00218571
 0.00218463
 0.00218718
 0.00218918
 0.00218854
 0.00218969
 0.00218913
 0.00218802
 0.00218757
 0.00218842
 0.00218853
 0.00219004
 0.00218904
 0.00219107
 0.00219191
 0.00219263
 0.00219318
 0.00219326
 0.00219501
 0.00219566
 0.00219642
 0.00219688
 0.00219798
 0.00219824
 0.00219691
 0.00219896
 0.00219853
 0.00219866
 0.00219832
 0.00219888
 0.00220022
 0.00220119
 0.00220074
 0.00220142
 0.00220133
 0.00220282
 0.00220351
 0.00220438
 0.00220693
 0.00220686
  0.0022079
 0.00220772
 0.00220712
 0.00220761
 0.00220732
 0.00220759
  0.0022072
 0.00220616
 0.00220678
 0.00220523
 0.00220515
 0.00220396
 0.00220542
 0.00220524
 0.00220598
 0.00220601
 0.00220654
 0.00220593
 0.00220563
  0.0022046
 0.00220412
 0.00220377
 0.00220296
 0.00220286
 0.00220249
 0.00220364
 0.00220368
 0.00220388
 0.00220218
   0.002202
 0.00220146
 0.00220184
 0.00220193
 0.00220091
 0.00220036
 0.00220084
 0.00220057
 0.00220101
 0.00220046
 0.00220428
 0.00220438
 0.00220534
 0.00220435
 0.00220565
 0.00220749
 0.00220707
 0.00220606
 0.00220664
 0.00220577
 0.00220727
  0.0022067
 0.00220626
 0.00220685
 0.00220746
 0.00220648
 0.00220683
 0.00220589
  0.0022063
 0.00220647
 0.00220845
 0.00220884
  0.0022083
 0.00220811
 0.00220758
 0.00220695
 0.00220614
 0.00220622
  0.0022054
 0.00220415
 0.00220513
 0.00220432
 0.00220681
 0.00220827
 0.00220925
 0.00220871
 0.00220867
 0.00220662
 0.00220612
 0.00220746
 0.00220588
 0.00220544
 0.00220405
 0.00220425
 0.00220404
  0.0022048
 0.00220473
 0.00220438
 0.00220443
 0.00220478
 0.00220621
 0.00220573
  0.0022075
 0.00220651
  0.0022076
 0.00220903
 0.00220939
 0.00220944
  0.0022087
 0.00220973
 0.00221095
 0.00221222
 0.00221256
 0.00221254
 0.00221357
 0.00221439
 0.00221607
  0.0022144
  0.0022147
  0.0022147
 0.00221236
 0.00221234
 0.00221074
 0.00221236
 0.00221281
 0.00221377
 0.00221557
 0.00221533
  0.0022138
  0.0022122
 0.00221288
 0.00221303
 0.00221394
 0.00221325
 0.00221349
 0.00221232
 0.00221279
 0.00221238
 0.00221272
   0.002212
   0.002212
 0.00221077
  0.0022114
  0.0022119
 0.00221222
 0.00221329
 0.00221518
  0.0022144
 0.00221654
 0.00221548
 0.00221623
 0.00221436
 0.00221459
 0.00221388
 0.00221333
 0.00221286
  0.0022122
 0.00221205
 0.00221312
 0.00221332
 0.00221439
 0.00221478
 0.00221436
 0.00221503
  0.0022154
 0.00221677
 0.00221695
 0.00221755
 0.00221802
 0.00221943
 0.00221947
 0.00221915
 0.00221843
 0.00221713
 0.00221814
  0.0022198
 0.00221998
 0.00222125
 0.00222065
 0.00222084
 0.00222161
 0.00221954
 0.00221847
 0.00221871
  0.0022189
 0.00221786
 0.00221766
 0.00221784
  0.0022202
 0.00222021
 0.00222096
 0.00222005
  0.0022193
 0.00222145
 0.00221966
 0.00221853
 0.00221866
 0.00221761
 0.00221736
 0.00221756
 0.00221819
 0.00221729
 0.00221745
 0.00221905
 0.00222125
 0.00222147
 0.00222126
 0.00221927
 0.00221976
 0.00221966
 0.00222067
 0.00222104
 0.00221969
 0.00221959
 0.00221863
 0.00221854
 0.00221845
 0.00221986
 0.00221835
  0.0022194
  0.0022194
 0.00221869
 0.00221842
 0.00221772
 0.00221637
 0.00221857
 0.00221998
 0.00222058
 0.00221937
 0.00221858
 0.00221655
 0.00221582
 0.00221593
  0.0022164
 0.00221568
 0.00221581
 0.00221481
 0.00221583
 0.00221855
 0.00221853
 0.00221886
 0.00221833
 0.00221695
 0.00221828
 0.00221916
 0.00221959
 0.00222152
 0.00222176
 0.00222133
 0.00222068
 0.00222127
 0.00222159
 0.00222149
 0.00222197
 0.00222162
 0.00222391
 0.00222506
 0.00222524
 0.00222574
 0.00222621
 0.00222713
 0.00222636
 0.00222568
 0.00222678
 0.00222712
 0.00222477
 0.00222493
 0.00222645
 0.00222549
 0.00222508
 0.00222575
 0.00222667
 0.00222476
 0.00222519
 0.00222573
  0.0022262
 0.00222609
 0.00222698
 0.00222624
 0.00222465
 0.00222332
 0.00222361
 0.00222275
  0.0022228
 0.00222367
 0.00222442
 0.00222231
 0.00222293
 0.00222172
 0.00222097
  0.0022222
 0.00222251
 0.00222154
 0.00222417
 0.00222367
 0.00222577
 0.00222639
 0.00222654
 0.00222781
 0.00222895
 0.00222822
 0.00222839
 0.00222705
 0.00222525
 0.00222498
 0.00222483
 0.00222449
 0.00222605
 0.00222576
 0.00222716
 0.00222935
 0.00222884
  0.0022283
 0.00222847
 0.00222935
 0.00222929
 0.00222863
  0.0022297
 0.00223009
  0.0022305
 0.00222991
 0.00223015
 0.00223014
 0.00223176
 0.00223197
 0.00223209
 0.00223101
 0.00222905
 0.00222781
  0.0022279
 0.00222801
 0.00222792
 0.00222793
 0.00222876
 0.00222785
  0.0022287
 0.00222855
 0.00223029
 0.00223042
 0.00223082
 0.00223203
  0.0022329
 0.00223289
 0.00223317
 0.00223342
 0.00223445
 0.00223451
 0.00223569
 0.00223418
 0.00223232
 0.00223403
 0.00223418
 0.00223324
 0.00223267
  0.0022334
 0.00223388
 0.00223339
 0.00223454
 0.00223433
 0.00223305
  0.0022338
 0.00223345
 0.00223268
 0.00223236
 0.00223166
 0.00223249
 0.00223235
 0.00223494
 0.00223565
 0.00223542
 0.00223459
 0.00223208
 0.00223178
 0.00223079
 0.00223123
 0.00223252
 0.00223285
 0.00223417
 0.00223396
 0.00223302
 0.00223202
 0.00223323
 0.00223314
 0.00223461
 0.00223479
 0.00223688
 0.00223791
 0.00223807
 0.00223922
 0.00223965
  0.0022394
  0.0022393
 0.00223862
 0.00223741
 0.00223629
  0.0022357
 0.00223533
 0.00223554
 0.00223612
  0.0022358
 0.00223614
 0.00223498
  0.0022353
  0.0022356
  0.0022362
 0.00223652
 0.00223651
 0.00223857
 0.00223734
 0.00223757
  0.0022388
 0.00223905
 0.00223966
 0.00223946
 0.00223868
 0.00223823
 0.00223607
 0.00223624
 0.00223709
 0.00223487
 0.00223418
 0.00223582
 0.00223609
 0.00223639
 0.00223597
 0.00223657
 0.00223743
 0.00223609
 0.00223482
 0.00223472
  0.0022338
 0.00223386
 0.00223334
 0.00223318
 0.00223334
 0.00223426
  0.0022331
 0.00223422
 0.00223415
 0.00223491
 0.00223512
  0.0022354
 0.00223777
 0.00223857
 0.00223749
 0.00223791
  0.0022391
 0.00223986
  0.0022407
 0.00224077
 0.00224026
 0.00224124
 0.00224202
 0.00224272
 0.00224325
 0.00224258
 0.00224231
 0.00224076
 0.00224161
 0.00224107
 0.00224012
 0.00224175
 0.00224294
 0.00224395
 0.00224339
  0.0022432
  0.0022428
 0.00224158
 0.00224086
 0.00224201
 0.00224258
 0.00224281
 0.00224113
 0.00224191
 0.00224112
 0.00224222
  0.0022403
 0.00223823
 0.00223907
 0.00223832
 0.00223732
 0.00223874
   0.002238
 0.00223853
 0.00223815
 0.00223857
 0.00223737
 0.00223736
 0.00223808
 0.00224022
 0.00223919
  0.0022386
 0.00223864
 0.00223904
 0.00224073
 0.00224112
  0.0022408
 0.00223929
 0.00224117
 0.00224055
 0.00224168
 0.00224009
 0.00224025
 0.00223869
 0.00223793
 0.00223885
 0.00223973
 0.00223978
 0.00224068
 0.00224179
 0.00224141
 0.00224158
 0.00224153
 0.00224062
 0.00223965
 0.00224038
 0.00224199
 0.00224283
 0.00224432
 0.00224563
 0.00224518
 0.00224392
 0.00224304
 0.00224206
 0.00224014
 0.00224047
 0.00224224
 0.00224228
 0.00224091
 0.00224113
 0.00224028
 0.00224126
 0.00224211
 0.00224235
 0.00224201
 0.00224062
 0.00223923
 0.00224092
 0.00224034
 0.00224085
 0.00224026
 0.00223974
 0.00223885
  0.0022386
 0.00223841
 0.00223808
 0.00223775
 0.00223769
 0.00223893
 0.00223836
 0.00223908
 0.00223827
 0.00223748
 0.00223714
 0.00223942
 0.00223874
 0.00224044
 0.00224234
 0.00224343
 0.00224305
 0.00224172
 0.00224181
 0.00224144
 0.00224308
 0.00224209
 0.00224188
 0.00223978
 0.00223997
 0.00223944
 0.00223997
 0.00223855
 0.00223932
 0.00224207
 0.00224174
  0.0022416
 0.00224165
 0.00224172
 0.00224137
 0.00224082
 0.00224108
 0.00223973
 0.00223874
 0.00223894
 0.00223928
  0.0022392
 0.00224089
 0.00224103
 0.00224123
 0.00224167
 0.00224057
 0.00224075
 0.00224033
 0.00223946
 0.00223865
 0.00223775
 0.00223866
 0.00223905
 0.00224055
 0.00224053
 0.00224034
 0.00224036
 0.00223987
 0.00223933
 0.00223871
  0.0022371
 0.00223616
 0.00223763
 0.00223615
 0.00223681
 0.00223622
 0.00223556
 0.00223412
 0.00223516
  0.0022367
 0.00223728
 0.00223731
 0.00223618
 0.00223434
 0.00223611
 0.00223448
 0.00223305
  0.0022345
 0.00223445
 0.00223577
 0.00223665
 0.00223599
 0.00223576
 0.00223566
 0.00223578
 0.00223514
 0.00223361
 0.00223275
 0.00223253
 0.00223305
  0.0022328
 0.00223106
 0.00223251
 0.00223182
 0.00223361
 0.00223442
 0.00223434
 0.00223494
 0.00223662
 0.00223676
 0.00223657
 0.00223561
  0.0022363
  0.0022362
 0.00223548
 0.00223643
 0.00223658
 0.00223719
 0.00223557
 0.00223512
 0.00223404
  0.0022351
 0.00223682
 0.00223516
 0.00223459
 0.00223438
 0.00223516
 0.00223446
  0.0022343
 0.00223546
 0.00223653
 0.00223742
 0.00223613
 0.00223718
 0.00223625
 0.00223683
 0.00223566
 0.00223657
 0.00223708
 0.00223808
 0.00223897
 0.00223826
 0.00223899
  0.0022368
  0.0022362
 0.00223534
 0.00223492
 0.00223497
 0.00223443
 0.00223506
 0.00223338
 0.00223292
 0.00223211
 0.00223171
 0.00223125
 0.00223286
 0.00223262
  0.0022321
 0.00223175
 0.00223211
 0.00223337
 0.00223372
 0.00223402
 0.00223237
 0.00223282
 0.00223114
 0.00223036
 0.00223153
 0.00223164
 0.00223091
 0.00223097
 0.00223037
 0.00222926
 0.00222787
 0.00222723
 0.00222685
 0.00222796
 0.00222843
 0.00222966
 0.00223088
 0.00222955
 0.00222942
 0.00222816
 0.00222751
  0.0022279
  0.0022284
 0.00222811
  0.0022285
  0.0022269
 0.00222764
 0.00222864
 0.00222926
 0.00223071
 0.00223051
 0.00223009
 0.00223064
 0.00223076
 0.00223097
 0.00223065
  0.0022297
 0.00223056
 0.00223046
 0.00222927
 0.00222873
 0.00222808
 0.00222883
 0.00222789
  0.0022257
  0.0022267
 0.00222579
 0.00222546
 0.00222391
 0.00222247
 0.00222355
 0.00222295
 0.00222382
 0.00222253
   0.002223
 0.00222236
 0.00222219
 0.00222338
 0.00222564
 0.00222661
 0.00222703
 0.00222774
  0.0022269
 0.00222552
 0.00222561
 0.00222391
 0.00222539
  0.0022249
 0.00222459
 0.00222381
 0.00222335
 0.00222195
 0.00222341
  0.0022221
 0.00222145
 0.00222262
  0.0022235
 0.00222252
 0.00222315
 0.00222501
 0.00222558
 0.00222575
 0.00222627
 0.00222932
 0.00222951
 0.00222716
 0.00222812
 0.00222679
 0.00222718
  0.0022287
  0.0022288
 0.00222921
 0.00222792
 0.00222962
  0.0022302
 0.00222987
 0.00222966
 0.00223134
 0.00223111
 0.00223219
 0.00223192
 0.00223064
 0.00222913
 0.00222929
 0.00222839
 0.00222852
 0.00222994
 0.00223093
 0.00222983
 0.00222997
 0.00222936
 0.00222861
 0.00222979
 0.00222977
 0.00223026
 0.00222892
 0.00223028
 0.00223142
 0.00223044
 0.00223185
 0.00223318
 0.00223226
 0.00223002
 0.00222999
 0.00223015
 0.00222893
 0.00222973
 0.00222965
 0.00222888
 0.00222866
 0.00222833
 0.00222818
 0.00222812
 0.00222867
 0.00222847
 0.00222774
 0.00222831
  0.0022284
  0.0022295
 0.00222923
  0.0022296
  0.0022292
 0.00223096
 0.00223043
 0.00223109
 0.00223026
  0.0022308
 0.00223014
 0.00223085
 0.00222985
 0.00222865
 0.00222948
 0.00223073
 0.00222948
 0.00223113
 0.00223094
 0.00223152
 0.00223152
 0.00223226
 0.00223135
 0.00223178
 0.00223026
 0.00223212
 0.00223332
 0.00223281
 0.00223178
 0.00223211
 0.00223166
 0.00223177
 0.00223264
 0.00223325
 0.00223435
 0.00223458
 0.00223492
 0.00223512
 0.00223362
 0.00223568
  0.0022343
 0.00223481
 0.00223542
 0.00223445
 0.00223448
 0.00223323
 0.00223278
 0.00223277
 0.00223224
 0.00223176
  0.0022319
 0.00223244
 0.00223183
 0.00223243
 0.00223137
 0.00223245
 0.00223233
 0.00223167
 0.00223151
  0.0022314
 0.00223189
 0.00223254
 0.00223339
 0.00223161
 0.00223239
 0.00223445
 0.00223765
 0.00223607
 0.00223655
 0.00223669
 0.00223784
 0.00223888
  0.0022385
 0.00223848
 0.00223741
  0.0022389
  0.0022375
 0.00223746
 0.00223802
 0.00223827
 0.00223901
 0.00223878
 0.00223804
 0.00223816
 0.00223995
 0.00223878
 0.00224212
  0.0022417
   0.002242
 0.00224284
 0.00224331
 0.00224201
 0.00224202
 0.00224317
 0.00224251
  0.0022417
 0.00224103
 0.00224037
 0.00224021
  0.0022416
 0.00223961
 0.00223959
 0.00224181
 0.00224174
 0.00224142
 0.00224163
 0.00224315
 0.00224383
 0.00224527
 0.00224558
 0.00224623
 0.00224677
 0.00224653
 0.00224646
 0.00224603
 0.00224657
 0.00224289
 0.00224165
  0.0022404
 0.00223906
 0.00223808
 0.00223723
 0.00223779
 0.00223937
  0.0022404
 0.00224152
 0.00224137
 0.00224095
 0.00224135
 0.00224192
 0.00224201
 0.00224156
 0.00224107
 0.00224021
 0.00224153
 0.00224236
 0.00224278
 0.00224191
 0.00224203
 0.00224107
 0.00224167
  0.0022431
 0.00224289
 0.00224345
 0.00224441
 0.00224455
 0.00224456
 0.00224414
 0.00224478
 0.00224291
 0.00224453
 0.00224302
 0.00224264
 0.00224161
 0.00224108
 0.00224223
 0.00224334
  0.0022424
 0.00224285
 0.00224172
  0.0022428
 0.00224265
 0.00224199
 0.00224198
 0.00224255
 0.00224277
 0.00224162
 0.00224173
 0.00224163
 0.00224072
 0.00224158
 0.00224031
  0.0022405
 0.00223972
 0.00224093
 0.00223965
 0.00224006
 0.00223978
 0.00223999
 0.00223847
 0.00223928
  0.0022397
 0.00224021
 0.00223953
 0.00224023
 0.00223922
 0.00223909
 0.00223944
 0.00223918
 0.00223908
 0.00223955
 0.00223868
  0.0022404
 0.00223951
 0.00223887
 0.00223945
 0.00223904
 0.00223879
 0.00223846
 0.00223824
 0.00223835
 0.00223979
 0.00224008
 0.00224279
 0.00224158
 0.00224115
  0.0022415
  0.0022408
 0.00224032
  0.0022401
 0.00223998
 0.00223928
 0.00223641
 0.00223542
 0.00223781
 0.00223762
 0.00223573
 0.00223474
 0.00223426
 0.00223374
 0.00223523
 0.00223389
 0.00223408
 0.00223352
  0.0022339
 0.00223529
 0.00223419
 0.00223375
 0.00223292
 0.00223311
 0.00223317
 0.00223322
 0.00223375
 0.00223358
 0.00223403
 0.00223442
 0.00223449
 0.00223457
 0.00223335
 0.00223431
 0.00223366
 0.00223233
 0.00223121
 0.00222909
 0.00222923
  0.0022265
  0.0022262
 0.00222655
 0.00222654
 0.00222672
 0.00222853
 0.00222623
 0.00222431
 0.00222399
 0.00222427
 0.00222365
 0.00222193
 0.00222101
 0.00222096
 0.00222027
 0.00222034
 0.00222066
 0.00222006
 0.00222075
 0.00222189
  0.0022226
 0.00222426
 0.00222539
  0.0022248
 0.00222386
  0.0022243
 0.00222528
 0.00222654
 0.00222668
  0.0022298
 0.00222897
 0.00222933
 0.00222914
 0.00223001
 0.00223031
 0.00223094
 0.00223013
  0.0022295
 0.00222855
 0.00222885
 0.00222882
 0.00222787
 0.00222877
 0.00222646
 0.00222815
 0.00222915
 0.00223041
   0.002229
 0.00223034
 0.00223016
 0.00223268
  0.0022322
 0.00223152
 0.00223134
 0.00223095
 0.00223183
 0.00223251
 0.00223341
 0.00223318
 0.00223191
  0.0022329
  0.0022328
 0.00223335
 0.00223306
 0.00223239
 0.00223718
 0.00223604
 0.00223656
 0.00223733
 0.00223649
 0.00223544
 0.00223638
  0.0022374
  0.0022368
 0.00223709
 0.00223547
 0.00223535
 0.00223636
 0.00223628
 0.00223656
 0.00223686
 0.00223695
 0.00223827
 0.00223921
 0.00223897
 0.00223737
 0.00223795
 0.00223956
 0.00224096
 0.00224141
 0.00224064
 0.00223952
  0.0022406
 0.00223959
 0.00223893
 0.00223897
 0.00223877
  0.0022392
 0.00223929
 0.00224007
 0.00223811
 0.00223762
 0.00223631
 0.00223686
 0.00223798
 0.00223826
 0.00223843
 0.00223757
 0.00223823
 0.00223815
  0.0022383
 0.00223867
 0.00223917
 0.00223822
 0.00223816
 0.00223897
 0.00223631
 0.00223623
  0.0022364
 0.00223473
 0.00223573
 0.00223766
 0.00223631
 0.00223738
 0.00223663
  0.0022365
 0.00223683
   0.002237
 0.00223645
 0.00223558
 0.00223559
 0.00223486
 0.00223582
 0.00223631
  0.0022369
 0.00223496
 0.00223439
   0.002234
 0.00223453
 0.00223381
 0.00223443
 0.00223338
 0.00223273
 0.00223409
 0.00223275
 0.00223279
 0.00223313
  0.0022347
 0.00223593
 0.00223674
 0.00223792
 0.00223467
 0.00223359
  0.0022334
 0.00223421
  0.0022332
 0.00223227
 0.00223393
 0.00223295
 0.00223321
  0.0022329
 0.00223184
 0.00223196
 0.00223054
 0.00223039
 0.00222938
 0.00223016
 0.00223286
 0.00223464
 0.00223518
  0.0022345
 0.00223313
 0.00223447
  0.0022356
 0.00223757
  0.0022364
 0.00223625
 0.00223546
 0.00223564
 0.00223667
 0.00223514
 0.00223782
 0.00223807
 0.00223779
 0.00223876
 0.00223889
  0.0022395
 0.00223955
 0.00223965
 0.00223905
 0.00223961
 0.00224124
 0.00224256
 0.00224374
 0.00224371
 0.00224407
 0.00224273
 0.00224503
  0.0022455
 0.00224588
 0.00224528
 0.00224457
 0.00224516
  0.0022448
  0.0022433
 0.00224453
 0.00224486
 0.00224429
   0.002244
 0.00224477
 0.00224414
 0.00224361
 0.00224393
 0.00224314
 0.00224233
 0.00224258
 0.00224296
 0.00224436
 0.00224419
 0.00224437
 0.00224309
 0.00224478
 0.00224475
 0.00224511
 0.00224684
 0.00224648
 0.00224838
 0.00224763
 0.00224972
 0.00224967
 0.00224901
 0.00224863
 0.00224868
  0.0022482
 0.00224909
 0.00224816
  0.0022481
 0.00224964
 0.00224884
 0.00224824
  0.0022507
 0.00225048
 0.00225092
 0.00225171
 0.00225391
 0.00225505
 0.00225385
 0.00225301
 0.00225295
 0.00225239
 0.00225554
 0.00225494
 0.00225523
 0.00225478
 0.00225491
 0.00225314
 0.00225363
 0.00225343
 0.00225285
 0.00225121
 0.00225004
 0.00224875
 0.00224766
 0.00224861
 0.00224846
 0.00224939
 0.00224984
 0.00224956
 0.00224865
 0.00224684
   0.002248
 0.00224831
 0.00224852
 0.00224876
 0.00225034
 0.00225045
 0.00224946
 0.00224935
 0.00224874
 0.00224789
 0.00224787
 0.00224768
 0.00224768
 0.00224683
 0.00224659
  0.0022464
 0.00224636
 0.00224612
 0.00224788
 0.00224993
 0.00224899
 0.00224902
  0.0022475
 0.00224797
 0.00224691
 0.00224692
 0.00224771
  0.0022475
 0.00224799
 0.00224953
  0.0022483
 0.00224755
 0.00224845
  0.0022492
 0.00224991
 0.00224885
 0.00224896
 0.00224926
 0.00224907
 0.00224922
 0.00225033
  0.0022513
 0.00225048
 0.00225112
  0.0022496
 0.00224989
 0.00224948
 0.00224952
 0.00224981
  0.0022501
 0.00225167
 0.00224966
 0.00225007
  0.0022498
   0.002249
 0.00224956
 0.00225012
 0.00225043
 0.00224958
 0.00224916
 0.00224922
 0.00225059
 0.00224961
 0.00224899
 0.00225098
 0.00224889
 0.00224683
 0.00224832
 0.00224747
 0.00224727
 0.00224688
 0.00224584
 0.00224524
 0.00224674
 0.00224811
 0.00224659
 0.00224604
 0.00224604
 0.00224762
 0.00224747
 0.00224633
 0.00224662
 0.00224706
 0.00224755
 0.00224827
   0.002249
 0.00224936
 0.00224925
  0.0022486
 0.00224879
 0.00224828
 0.00224838
 0.00224974
 0.00224955
 0.00224902
 0.00224891
 0.00224917
 0.00225067
 0.00225083
 0.00225077
 0.00225293
 0.00225425
 0.00225336
 0.00225308
 0.00225156
 0.00225299
 0.00225281
 0.00225436
  0.0022541
 0.00225184
 0.00225048
 0.00225177
 0.00225149
 0.00225141
 0.00225259
 0.00225172
  0.0022518
 0.00225241
 0.00225151
 0.00225167
 0.00225301
 0.00225381
 0.00225258
 0.00225096
 0.00225201
  0.0022521
 0.00225303
 0.00225216
  0.0022523
 0.00225385
 0.00225361
 0.00225151
 0.00225353
 0.00225384
 0.00225393
   0.002255
 0.00225453
 0.00225354
 0.00225287
 0.00225477
 0.00225488
 0.00225379
 0.00225317
 0.00225257
 0.00225151
  0.0022511
 0.00225291
 0.00225428
 0.00225314
 0.00225371
 0.00225221
 0.00225252
 0.00225111
 0.00225233
 0.00225229
 0.00225057
 0.00224802
 0.00224693
  0.0022472
 0.00224712
 0.00224715
 0.00224647
 0.00224541
 0.00224557
 0.00224707
 0.00224674
 0.00224659
 0.00224755
 0.00224755
 0.00224865
 0.00224836
 0.00224757
 0.00224691
 0.00224536
 0.00224424
 0.00224514
 0.00224415
  0.0022425
 0.00224338
 0.00224359
 0.00224376
 0.00224599
 0.00224476
 0.00224504
 0.00224484
 0.00224357
 0.00224347
 0.00224257
 0.00224185
  0.0022402
 0.00224056
 0.00224098
 0.00223912
 0.00223879
 0.00224111
 0.00224027
 0.00223891
 0.00223882
 0.00223789
  0.0022388
 0.00223844
 0.00223871
 0.00223933
 0.00224061
 0.00224088
 0.00224174
 0.00224185
 0.00224097
 0.00223966
 0.00224134
 0.00224238
 0.00224205
 0.00223974
 0.00224087
 0.00224239
 0.00223977
 0.00223968
 0.00223798
 0.00223715
 0.00223663
 0.00223678
 0.00223707
 0.00223678
 0.00223723
 0.00223757
 0.00223737
 0.00223736
 0.00223936
 0.00223902
 0.00224042
 0.00223988
 0.00223954
 0.00223809
 0.00223827
 0.00223693
 0.00223643
 0.00223693
  0.0022379
 0.00223745
 0.00223719
 0.00223626
 0.00223628
 0.00223593
 0.00223588
 0.00223481
 0.00223593
  0.0022355
 0.00223531
 0.00223713
  0.0022367
 0.00223684
 0.00223683
 0.00223545
 0.00223545
 0.00223541
 0.00223443
 0.00223384
  0.0022331
 0.00223205
 0.00223207
 0.00223431
 0.00223497
 0.00223448
 0.00223429
 0.00223552
  0.0022358
 0.00223569
 0.00223464
  0.0022337
 0.00223363
  0.0022339
  0.0022315
  0.0022317
 0.00223124
 0.00223021
 0.00223044
 0.00223165
 0.00223059
 0.00222967
 0.00222907
 0.00222737
 0.00222591
  0.0022263
 0.00222581
 0.00222528
 0.00222557
 0.00222568
 0.00222731
 0.00222701
 0.00222754
 0.00222763
 0.00222716
 0.00222757
 0.00222702
 0.00222688
 0.00222706
 0.00222627
  0.0022252
 0.00222618
 0.00222679
 0.00222698
 0.00222478
 0.00222238
 0.00222083
 0.00222125
 0.00222167
 0.00222289
 0.00222284
 0.00222326
 0.00222108
 0.00222194
 0.00222255
 0.00222196
 0.00222306
 0.00222252
  0.0022222
 0.00222257
 0.00222329
  0.0022226
 0.00222279
 0.00222366
 0.00222324
 0.00222348
 0.00222411
 0.00222218
 0.00222251
 0.00222402
 0.00222399
 0.00222504
 0.00222601
 0.00222615
 0.00222511
 0.00222491
 0.00222309
 0.00222359
  0.0022229
 0.00222262
 0.00222193
 0.00222278
 0.00222235
 0.00222223
 0.00222222
 0.00222306
 0.00222307
 0.00222135
 0.00222157
 0.00222251
 0.00222168
 0.00222134
 0.00222256
 0.00222179
 0.00222153
 0.00222151
 0.00222079
 0.00222125
 0.00222311
 0.00222327
 0.00222218
 0.00222203
 0.00222161
 0.00222265
 0.00222286
 0.00222179
 0.00222164
 0.00222107
 0.00222212
 0.00222261
   0.002223
 0.00222175
 0.00222136
  0.0022208
 0.00222085
 0.00222091
 0.00222193
 0.00222094
 0.00222038
  0.0022196
   0.002218
 0.00221572
 0.00221618
 0.00221684
 0.00221626
  0.0022165
 0.00221622
 0.00221545
 0.00221613
 0.00221531
 0.00221489
 0.00221395
  0.0022145
 0.00221424
   0.002214
 0.00221435
 0.00221307
 0.00221354
 0.00221407
 0.00221341
 0.00221511
 0.00221717
 0.00221787
  0.0022187
 0.00222043
 0.00221973
 0.00222104
 0.00222034
 0.00221964
 0.00221887
 0.00221908
 0.00222009
 0.00222042
 0.00222091
 0.00222109
 0.00221925
 0.00221974
 0.00221958
 0.00221924
 0.00221921
 0.00221876
 0.00221674
 0.00221827
 0.00221834
 0.00221907
 0.00221836
 0.00221837
 0.00221782
 0.00221984
 0.00221957
 0.00221935
  0.0022197
 0.00221868
 0.00222006
  0.0022204
 0.00221999
  0.0022189
  0.0022179
 0.00221766
 0.00221612
 0.00221776
 0.00221789
 0.00221818
 0.00221826
 0.00221837
 0.00222023
 0.00222035
 0.00221953
 0.00222021
 0.00222098
 0.00222084
 0.00222056
 0.00222152
 0.00222319
 0.00222362
 0.00222458
 0.00222347
 0.00222404
 0.00222338
 0.00222402
 0.00222421
 0.00222394
 0.00222465
 0.00222396
 0.00222448
 0.00222341
 0.00222233
 0.00222402
 0.00222518
 0.00222403
 0.00222498
 0.00222347
 0.00222268
 0.00222201
 0.00222371
 0.00222303
 0.00222307
 0.00222275
 0.00222236
 0.00222262
 0.00222312
 0.00222289
 0.00222164
 0.00222213
 0.00222219
 0.00222278
 0.00222212
 0.00222267
 0.00222299
 0.00222298
 0.00222374
 0.00222444
 0.00222535
 0.00222775
  0.0022265
 0.00222557
 0.00222462
 0.00222566
 0.00222467
  0.0022249
 0.00222395
 0.00222336
 0.00222448
 0.00222447
 0.00222417
 0.00222262
 0.00222195
 0.00222173
 0.00222354
 0.00222358
 0.00222309
 0.00222289
 0.00222255
 0.00222246
 0.00222209
 0.00221997
 0.00222077
 0.00221904
 0.00221859
 0.00221949
 0.00221955
 0.00221782
 0.00221713
 0.00221688
 0.00221783
 0.00221649
 0.00221371
 0.00221399
 0.00221381
 0.00221466
 0.00221517
 0.00221415
 0.00221518
 0.00221574
 0.00221535
 0.00221478
 0.00221509
 0.00221486
  0.0022147
 0.00221501
 0.00221541
 0.00221465
 0.00221465
 0.00221535
 0.00221549
 0.00221623
 0.00221661
  0.0022137
 0.00221377
 0.00221339
 0.00221393
 0.00221467
 0.00221389
 0.00221451
 0.00221393
  0.0022136
 0.00221413
 0.00221489
 0.00221547
 0.00221617
 0.00221651
  0.0022177
 0.00221809
 0.00221811
 0.00221688
 0.00221704
 0.00221717
 0.00221534
 0.00221539
 0.00221589
 0.00221598
 0.00221533
 0.00221322
 0.00221214
 0.00221229
 0.00221134
 0.00221206
 0.00221307
 0.00221334
 0.00221435
 0.00221495
  0.0022149
 0.00221477
 0.00221393
   0.002214
 0.00221408
 0.00221555
 0.00221591
 0.00221788
 0.00221879
 0.00221908
 0.00221971
 0.00221888
  0.0022194
 0.00221903
 0.00221943
 0.00222159
 0.00222284
 0.00222401
 0.00222361
 0.00222355
 0.00222271
 0.00222203
 0.00222229
 0.00222204
 0.00222283
 0.00222455
 0.00222435
 0.00222414
 0.00222432
 0.00222389
 0.00222487
 0.00222659
 0.00222617
 0.00222676
 0.00222675
  0.0022275
 0.00222742
 0.00222922
 0.00222853
 0.00222751
 0.00222626
   0.002228
  0.0022298
 0.00222895
 0.00222922
 0.00222788
 0.00222702
  0.0022267
 0.00222572
 0.00222553
 0.00222457
 0.00222325
 0.00222557
 0.00222369
  0.0022235
 0.00222395
 0.00222429
 0.00222569
 0.00222669
 0.00222825
  0.0022297
 0.00223033
 0.00223036
 0.00223047
 0.00222974
 0.00223157
 0.00223264
 0.00223489
 0.00223445
 0.00223424
 0.00223413
 0.00223342
 0.00223392
 0.00223493
 0.00223483
  0.0022339
 0.00223286
 0.00223397
 0.00223459
 0.00223403
 0.00223372
 0.00223542
 0.00223565
 0.00223474
 0.00223504
 0.00223459
 0.00223378
 0.00223297
 0.00223432
 0.00223443
 0.00223478
 0.00223458
 0.00223466
 0.00223353
 0.00223456
 0.00223344
 0.00223395
 0.00223462
 0.00223535
 0.00223444
 0.00223439
 0.00223368
 0.00223306
 0.00223341
 0.00223345
 0.00223372
 0.00223283
 0.00223457
 0.00223359
 0.00223224
 0.00223176
 0.00223374
 0.00223215
  0.0022313
 0.00223059
 0.00223004
 0.00222975
 0.00222912
 0.00222803
 0.00222849
 0.00222929
 0.00222847
 0.00222802
 0.00222855
 0.00222787
 0.00222806
 0.00222809
 0.00222877
  0.0022285
 0.00222899
 0.00222977
 0.00222843
 0.00222986
 0.00223138
 0.00223185
 0.00223205
 0.00223124
 0.00223118
 0.00223064
 0.00222979
 0.00222959
 0.00222932
 0.00222922
 0.00222926
 0.00223058
 0.00223044
 0.00223029
 0.00223084
 0.00223173
   0.002232
 0.00223223
 0.00223155
 0.00223219
 0.00223127
 0.00223169
 0.00223091
 0.00223009
 0.00223034
 0.00222991
  0.0022285
 0.00222799
 0.00222909
 0.00222982
 0.00222911
 0.00222939
 0.00222814
 0.00222898
 0.00222935
 0.00222905
 0.00222757
 0.00222922
 0.00223017
 0.00223007
 0.00222811
 0.00222879
 0.00222778
 0.00222765
 0.00222638
 0.00222576
 0.00222575
 0.00222522
 0.00222452
 0.00222425
 0.00222392
 0.00222249
 0.00222226
 0.00222322
 0.00222206
 0.00222267
 0.00222246
 0.00222251
 0.00222215
  0.0022231
 0.00222215
 0.00222112
 0.00222228
 0.00222351
 0.00222344
 0.00222466
 0.00222559
 0.00222558
 0.00222573
 0.00222762
 0.00222798
 0.00222784
 0.00222872
    0.00223
 0.00222906
 0.00222987
  0.0022316
 0.00223271
 0.00223383
  0.0022325
 0.00223203
 0.00223179
 0.00223063
 0.00223108
 0.00223072
 0.00223026
 0.00222858
 0.00222897
 0.00222867
 0.00222793
 0.00222777
 0.00222853
 0.00222681
 0.00222721
 0.00222685
 0.00222621
 0.00222489
  0.0022259
 0.00222551
  0.0022261
 0.00222626
 0.00222489
 0.00222635
 0.00222593
 0.00222692
 0.00222646
 0.00222621
 0.00222581
 0.00222642
 0.00222646
   0.002227
 0.00222854
 0.00222791
 0.00222825
 0.00222623
 0.00222606
 0.00222588
 0.00222661
  0.0022276
 0.00222681
 0.00222681
 0.00222664
  0.0022253
 0.00222407
 0.00222624
 0.00222556
 0.00222685
 0.00222716
 0.00222778
 0.00222767
 0.00222792
 0.00222844
 0.00222983
 0.00223209
 0.00223165
 0.00223177
 0.00223083
 0.00223047
 0.00223109
 0.00223085
 0.00223043
 0.00223086
 0.00223089
 0.00222937
 0.00222938
 0.00222838
 0.00222911
 0.00222911
 0.00222956
 0.00222996
 0.00222989
  0.0022305
 0.00222996
 0.00222882
  0.0022291
 0.00222729
 0.00222761
 0.00222705
 0.00222763
 0.00222704
 0.00222745
 0.00222998
 0.00223078
 0.00223193
 0.00223198
 0.00223176
 0.00223147
 0.00223174
 0.00222998
 0.00223038
 0.00223062
 0.00223162
 0.00223067
 0.00222974
 0.00223072
 0.00223112
 0.00223124
  0.0022318
 0.00223011
 0.00222972
 0.00223046
 0.00223152
  0.0022313
 0.00223123
 0.00223059
 0.00223037
 0.00222883
 0.00222962
 0.00222967
 0.00222939
 0.00222918
 0.00223011
 0.00223148
 0.00223082
 0.00222957
 0.00222984
 0.00222888
 0.00222888
 0.00222826
  0.0022282
 0.00222797
  0.0022281
 0.00222949
 0.00222947
 0.00222956
 0.00222999
 0.00222942
 0.00222974
 0.00222893
 0.00222958
 0.00222944
 0.00223216
 0.00223169
   0.002232
 0.00223255
 0.00223067
 0.00223126
  0.0022309
 0.00223196
 0.00223238
 0.00223315
 0.00223354
 0.00223237
  0.0022323
 0.00223154
 0.00223096
 0.00223063
 0.00223173
 0.00222929
 0.00223144
 0.00223003
 0.00222979
  0.0022273
 0.00222705
 0.00222811
 0.00222751
 0.00222685
 0.00222799
 0.00222885
 0.00222941
 0.00223034
 0.00223124
 0.00223171
 0.00223095
 0.00223156
 0.00223197
 0.00223176
 0.00223236
 0.00223232
 0.00223105
 0.00223313
 0.00223237
 0.00223319
 0.00223297
 0.00223212
 0.00223286
 0.00223274
 0.00223342
 0.00223472
 0.00223423
 0.00223359
 0.00223417
 0.00223498
 0.00223572
 0.00223654
 0.00223655
 0.00223668
 0.00223838
 0.00223804
 0.00223753
   0.002238
 0.00223887
 0.00223836
 0.00223928
 0.00224009
 0.00224011
 0.00223929
 0.00223835
 0.00223904
 0.00223814
 0.00223906
 0.00223912
 0.00224076
 0.00224069
 0.00224076
  0.0022403
 0.00223965
 0.00224117
 0.00224151
 0.00224418
 0.00224186
 0.00224205
    0.00224
 0.00224005
 0.00224055
 0.00223908
 0.00224006
 0.00224089
 0.00223854
  0.0022385
 0.00223848
 0.00223871
 0.00224025
 0.00223926
 0.00223994
 0.00223988
 0.00224202
 0.00224038
 0.00223922
 0.00223833
 0.00223729
 0.00223553
 0.00223437
  0.0022337
 0.00223448
  0.0022355
 0.00223691
 0.00223697
 0.00223474
 0.00223416
 0.00223503
 0.00223609
 0.00223665
  0.0022367
 0.00223698
 0.00223768
 0.00223717
 0.00223546
 0.00223613
 0.00223653
 0.00223668
 0.00223737
  0.0022358
 0.00223563
 0.00223563
  0.0022359
 0.00223556
 0.00223628
  0.0022361
 0.00223804
 0.00223735
 0.00223776
 0.00223837
 0.00223746
 0.00223554
 0.00223526
 0.00223613
 0.00223554
 0.00223582
 0.00223613
 0.00223668
 0.00223622
 0.00223602
 0.00223423
 0.00223324
 0.00223598
 0.00223763
  0.0022369
 0.00223661
 0.00223692
 0.00223805
 0.00223786
 0.00223812
  0.0022406
  0.0022419
 0.00224113
 0.00224141
 0.00224195
 0.00224275
 0.00224169
 0.00224161
 0.00224226
 0.00224214
 0.00224328
 0.00224291
 0.00224496
 0.00224753
 0.00224609
 0.00224459
 0.00224474
 0.00224512
 0.00224489
 0.00224399
 0.00224283
 0.00224402
 0.00224613
 0.00224739
   0.002248
 0.00224825
 0.00224891
 0.00224684
 0.00224671
 0.00224698
 0.00224573
  0.0022434
 0.00224461
 0.00224458
 0.00224654
 0.00224583
 0.00224608
 0.00224688
 0.00224827
 0.00224788
 0.00224827
 0.00224622
 0.00224604
 0.00224588
 0.00224433
  0.0022449
 0.00224507
 0.00224609
  0.0022457
 0.00224509
 0.00224588
 0.00224596
 0.00224691
  0.0022482
 0.00224819
 0.00224806
 0.00224922
 0.00224702
 0.00224682
 0.00224774
 0.00224728
 0.00224746
 0.00224689
 0.00224754
 0.00224637
 0.00224739
 0.00224741
  0.0022464
 0.00224513
 0.00224561
 0.00224627
 0.00224796
 0.00224774
 0.00224611
 0.00224791
 0.00224714
 0.00224595
 0.00224551
 0.00224448
 0.00224549
 0.00224591
 0.00224621
 0.00224524
  0.0022451
 0.00224482
 0.00224446
 0.00224422
 0.00224377
 0.00224387
 0.00224271
 0.00224167
 0.00224212
 0.00224206
 0.00224271
 0.00224225
 0.00224151
 0.00224077
  0.0022429
 0.00224237
 0.00224281
 0.00224258
 0.00224309
 0.00224355
  0.0022432
 0.00224398
 0.00224497
 0.00224396
 0.00224427
 0.00224524
 0.00224643
 0.00224694
 0.00224886
 0.00225071
  0.0022504
 0.00225183
  0.0022517
 0.00225127
 0.00225006
 0.00225047
 0.00225055
 0.00224889
 0.00224769
 0.00224746
 0.00224718
 0.00224729
 0.00224666
 0.00224622
 0.00224735
 0.00224656
 0.00224588
 0.00224408
 0.00224416
 0.00224473
 0.00224366
 0.00224249
 0.00224249
 0.00224187
 0.00224329
 0.00224418
 0.00224401
 0.00224584
 0.00224535
 0.00224615
 0.00224648
 0.00224561
 0.00224459
  0.0022452
 0.00224584
 0.00224659
  0.0022468
 0.00224776
 0.00224641
 0.00224809
 0.00224802
 0.00224765
 0.00224701
 0.00224821
 0.00224921
 0.00224773
 0.00224684
 0.00224668
 0.00224663
 0.00224695
 0.00224666
 0.00224594
 0.00224767
 0.00224997
 0.00224957
 0.00224915
 0.00224847
 0.00224797
 0.00224693
 0.00224778
 0.00224645
 0.00224639
 0.00224802
  0.0022482
 0.00224854
 0.00224741
 0.00224688
 0.00224722
 0.00224738
 0.00224566
 0.00224673
 0.00224799
 0.00224735
 0.00224781
 0.00224832
 0.00224958
 0.00225096
 0.00225117
 0.00225089
 0.00225007
 0.00224795
 0.00224619
 0.00224374
 0.00224492
 0.00224469
 0.00224342
 0.00224117
 0.00224101
 0.00224191
 0.00224044
 0.00223905
 0.00224014
 0.00224186
 0.00224144
 0.00224125
 0.00223978
 0.00223982
 0.00223954
 0.00223856
 0.00223873
 0.00223855
 0.00223815
 0.00223899
 0.00223983
 0.00223951
 0.00224069
 0.00224051
 0.00224156
 0.00224265
  0.0022427
 0.00224336
 0.00224421
 0.00224485
 0.00224606
 0.00224721
 0.00224701
  0.0022472
 0.00224806
 0.00224717
 0.00224693
 0.00224698
 0.00224717
 0.00224547
  0.0022466
 0.00224653
 0.00224775
 0.00224735
 0.00224687
  0.0022465
 0.00224713
 0.00224595
 0.00224684
 0.00224695
 0.00224586
 0.00224481
 0.00224599
 0.00224452
 0.00224612
 0.00224591
 0.00224501
 0.00224555
 0.00224718
 0.00224852
 0.00224901
 0.00225027
 0.00224729
  0.0022484
 0.00224732
 0.00224601
 0.00224701
 0.00224549
 0.00224518
 0.00224528
 0.00224462
 0.00224413
 0.00224429
 0.00224439
 0.00224536
 0.00224352
 0.00224416
  0.0022441
 0.00224309
 0.00224346
 0.00224359
 0.00224411
 0.00224424
 0.00224595
 0.00224478
 0.00224455
 0.00224586
 0.00224493
 0.00224594
  0.0022459
 0.00224635
  0.0022462
 0.00224685
 0.00224654
 0.00224664
  0.0022462
 0.00224548
 0.00224572
  0.0022455
 0.00224558
 0.00224564
 0.00224623
 0.00224684
 0.00224465
 0.00224578
 0.00224648
 0.00224609
 0.00224527
 0.00224606
 0.00224669
  0.0022461
 0.00224665
 0.00224712
  0.0022464
 0.00224624
 0.00224426
 0.00224703
 0.00224608
 0.00224568
 0.00224499
 0.00224524
 0.00224443
 0.00224405
 0.00224438
 0.00224468
 0.00224499
 0.00224655
 0.00224595
 0.00224713
 0.00224801
 0.00224599
  0.0022453
 0.00224753
 0.00224782
  0.0022477
 0.00224626
 0.00224555
 0.00224491
 0.00224625
 0.00224503
 0.00224413
  0.0022461
 0.00224588
 0.00224608
 0.00224626
 0.00224673
 0.00224636
 0.00224537
 0.00224574
 0.00224429
 0.00224484
 0.00224582
 0.00224516
 0.00224736
 0.00224826
 0.00224892
 0.00224913
 0.00224812
  0.0022491
 0.00224963
 0.00224946
  0.0022497
 0.00224971
 0.00224932
 0.00224913
 0.00224714
 0.00224707
 0.00224785
 0.00224775
 0.00224857
 0.00224803
 0.00224842
 0.00224889
 0.00225106
 0.00224964
 0.00225043
 0.00224992
  0.0022504
 0.00224993
 0.00225111
  0.0022516
 0.00225046
   0.002251
 0.00225231
 0.00225175
 0.00225096
 0.00225142
 0.00225078
 0.00224916
 0.00224931
 0.00224856
 0.00224788
 0.00224802
  0.0022507
 0.00225029
 0.00225073
 0.00225068
 0.00225212
 0.00225164
 0.00225208
 0.00225313
 0.00225347
   0.002252
 0.00225169
 0.00225157
 0.00225141
 0.00225196
 0.00225262
 0.00225276
 0.00225311
 0.00225219
 0.00225124
 0.00225037
 0.00225217
   0.002253
 0.00225433
 0.00225347
 0.00225223
 0.00225221
 0.00225221
  0.0022533
 0.00225514
  0.0022553
 0.00225597
  0.0022577
 0.00225717
 0.00225743
 0.00225862
 0.00225863
 0.00225669
 0.00225551
 0.00225498
 0.00225512
 0.00225515
 0.00225441
 0.00225463
 0.00225512
 0.00225553
 0.00225656
 0.00225593
 0.00225447
 0.00225356
 0.00225245
 0.00225357
 0.00225416
 0.00225399
  0.0022548
 0.00225481
 0.00225651
 0.00225673
  0.0022573
 0.00225712
 0.00225664
 0.00225614
 0.00225502
 0.00225543
 0.00225497
 0.00225593
 0.00225684
  0.0022578
 0.00225713
 0.00225704
  0.0022547
 0.00225451
 0.00225335
   0.002254
 0.00225218
 0.00225308
 0.00225148
 0.00225094
  0.0022513
 0.00225063
 0.00225148
 0.00225102
 0.00225196
 0.00225201
 0.00225136
 0.00225099
  0.0022517
 0.00225036
 0.00225065
 0.00224972
 0.00225058
 0.00225106
 0.00225127
 0.00224994
  0.0022493
    0.00225
 0.00224976
 0.00225011
 0.00224975
 0.00224925
 0.00225072
 0.00225124
 0.00225111
  0.0022482
 0.00224813
 0.00224838
 0.00224779
 0.00224749
 0.00224826
 0.00224822
 0.00224665
 0.00224519
  0.0022455
 0.00224753
 0.00224657
 0.00224439
 0.00224394
 0.00224348
 0.00224417
 0.00224515
  0.0022441
   0.002245
 0.00224374
 0.00224273
 0.00224277
 0.00224303
  0.0022442
 0.00224482
  0.0022431
 0.00224257
 0.00224273
  0.0022429
 0.00224282
 0.00224062
 0.00224228
 0.00224188
 0.00224096
  0.0022412
 0.00224145
 0.00224072
 0.00224153
 0.00224216
 0.00224411
 0.00224452
 0.00224439
 0.00224355
 0.00224207
 0.00224093
 0.00224087
 0.00224313
 0.00224263
 0.00224147
 0.00224271
 0.00224251
 0.00224468
 0.00224477
 0.00224319
 0.00224303
  0.0022438
 0.00224393
 0.00224312
 0.00224241
 0.00224108
 0.00223972
 0.00224215
 0.00224234
 0.00224388
 0.00224447
 0.00224398
 0.00224427
 0.00224456
 0.00224389
 0.00224226
 0.00224429
 0.00224429
 0.00224396
  0.0022446
 0.00224468
 0.00224475
 0.00224454
 0.00224386
 0.00224492
 0.00224337
 0.00224531
 0.00224531
 0.00224554
 0.00224438
 0.00224353
 0.00224279
 0.00224235
 0.00224461
 0.00224528
 0.00224425
 0.00224499
 0.00224427
 0.00224629
 0.00224551
 0.00224497
 0.00224581
 0.00224466
 0.00224612
 0.00224639
 0.00224552
  0.0022461
 0.00224547
 0.00224513
 0.00224515
 0.00224665
 0.00224783
 0.00224829
 0.00224646
 0.00224689
 0.00224584
 0.00224483
 0.00224349
   0.002245
 0.00224667
 0.00224583
 0.00224547
 0.00224651
 0.00224581
 0.00224745
 0.00224778
 0.00224695
 0.00224515
 0.00224463
 0.00224423
 0.00224437
 0.00224458
 0.00224364
 0.00224246
 0.00224346
 0.00224273
 0.00224388
 0.00224311
 0.00224452
 0.00224406
 0.00224285
 0.00224344
 0.00224273
 0.00224092
 0.00224108
 0.00224051
 0.00223933
  0.0022373
 0.00223646
 0.00223655
 0.00223587
 0.00223557
  0.0022364
 0.00223698
 0.00223521
 0.00223602
 0.00223577
 0.00223398
  0.0022345
  0.0022347
 0.00223418
 0.00223351
 0.00223458
 0.00223554
 0.00223638
 0.00223728
 0.00223753
 0.00223702
 0.00223851
  0.0022394
 0.00223951
 0.00223886
 0.00223942
  0.0022394
 0.00223918
 0.00223953
 0.00224012
 0.00223903
 0.00223975
 0.00223947
 0.00224051
 0.00223908
   0.002239
 0.00223913
 0.00223903
 0.00224056
 0.00224223
 0.00224352
  0.0022423
 0.00224283
 0.00224096
 0.00224157
 0.00224096
 0.00224136
 0.00224067
 0.00224033
 0.00224009
 0.00224073
 0.00223895
 0.00223852
 0.00223889
 0.00223942
 0.00223858
 0.00223863
 0.00223916
  0.0022394
 0.00223956
 0.00224029
 0.00224024
 0.00224005
 0.00223868
 0.00223825
 0.00224063
 0.00223968
 0.00224136
 0.00224088
 0.00224084
 0.00223941
 0.00223793
 0.00223773
 0.00223871
 0.00223854
 0.00223743
 0.00223808
 0.00223804
 0.00223874
 0.00223925
 0.00224009
 0.00223821
 0.00223988
  0.0022377
 0.00223805
 0.00223795
 0.00223659
  0.0022365
 0.00223586
 0.00223616
 0.00223688
 0.00223786
 0.00223766
  0.0022368
 0.00223778
 0.00223642
   0.002236
  0.0022367
 0.00223667
 0.00223651
 0.00223839
  0.0022403
 0.00223882
 0.00224013
    0.00224