         0
0.00100468
0.00201894
0.00301755
0.00399478
0.00500992
0.00601123
0.00702578
0.00801014
0.00897976
 0.0099644
 0.0109267
 0.0118988
 0.0129062
 0.0138667
 0.0148197
 0.0157944
 0.0167722
 0.0177378
 0.0187116
 0.0197167
 0.0207146
 0.0216625
 0.0226125
 0.0235796
 0.0245153
 0.0254755
 0.0264408
 0.0273732
 0.0283427
 0.0292452
 0.0302167
 0.0311648
 0.0320858
 0.0330394
 0.0338902
 0.0347037
 0.0356264
 0.0365893
 0.0374698
 0.0383552
 0.0392453
 0.0401313
 0.0410141
 0.0418653
 0.0428285
 0.0436544
 0.0445467
 0.0455498
 0.0464644
 0.0473931
 0.0482948
 0.0491686
 0.0501046
 0.0510813
 0.0520384
 0.0529818
 0.0539027
 0.0548412
   0.05571
  0.056593
 0.0574997
 0.0584775
 0.0593421
 0.0601846
 0.0610194
 0.0618391
 0.0626871
 0.0635845
 0.0644921
 0.0653975
 0.0662548
 0.0672362
 0.0680115
 0.0688976
 0.0697411
 0.0706437
  0.071553
 0.0724233
  0.073316
 0.0742038
 0.0750255
 0.0758963
  0.076728
 0.0775988
 0.0784187
 0.0792864
 0.0800829
 0.0808731
 0.0817801
 0.0826347
 0.0834887
 0.0842635
 0.0850432
 0.0858939
 0.0866672
 0.0874741
 0.0883366
 0.0892206
 0.0900199
 0.0907379
  0.091577
 0.0923991
 0.0932469
  0.093987
 0.0948303
 0.0956841
 0.0965539
 0.0974248
 0.0982838
 0.0990783
 0.0999159
  0.100805
  0.101635
  0.102438
  0.103338
  0.104124
  0.104792
  0.105683
  0.106455
  0.107117
  0.107859
  0.108662
  0.109585
   0.11039
  0.111229
  0.111966
  0.112709
  0.113473
  0.114256
   0.11509
  0.115915
  0.116739
  0.117501
  0.118208
  0.118924
  0.119509
  0.120218
  0.121055
  0.121814
  0.122547
  0.123356
  0.124148
  0.124761
  0.125577
  0.126368
  0.127104
  0.127859
  0.128602
   0.12937
  0.130179
  0.130869
  0.131607
   0.13224
  0.132938
  0.133584
  0.134277
   0.13514
  0.135793
  0.136471
  0.137183
  0.137963
  0.138647
  0.139446
  0.140184
  0.140947
  0.141516
  0.142183
  0.142793
  0.143367
  0.144038
  0.144749
  0.145558
   0.14619
  0.146976
  0.147647
  0.148154
  0.148935
  0.149703
  0.150317
  0.150979
  0.151766
  0.152557
  0.153243
  0.154014
  0.154693
  0.155324
  0.155989
   0.15666
  0.157271
  0.157858
  0.158426
  0.159118
   0.15982
  0.160453
    0.1611
  0.161664
  0.162305
  0.163011
  0.163627
  0.164397
   0.16491
  0.165452
   0.16601
  0.166616
  0.167248
  0.168044
  0.168758
  0.169397
  0.170267
  0.170832
  0.171513
  0.172289
  0.172952
  0.173552
  0.174394
  0.175081
  0.175798
  0.176357
  0.176967
  0.177722
  0.178393
  0.179101
  0.179706
  0.180503
  0.181229
  0.181882
  0.182571
  0.183234
  0.183949
  0.184669
  0.185207
  0.185764
  0.186394
  0.187104
    0.1877
  0.188377
  0.188836
  0.189515
  0.190145
  0.190685
  0.191393
  0.192099
  0.192641
  0.193207
  0.193821
  0.194358
  0.194959
  0.195444
  0.196099
  0.196677
  0.197398
  0.198075
  0.198616
  0.199189
  0.199599
  0.200469
  0.201143
  0.201692
  0.202181
  0.202818
  0.203521
  0.204102
  0.204787
   0.20533
  0.205995
  0.206659
  0.207167
   0.20769
  0.208392
  0.208989
  0.209778
  0.210334
  0.210984
  0.211697
  0.212433
   0.21286
  0.213495
  0.213892
  0.214516
  0.215127
  0.215693
  0.216395
  0.216904
  0.217408
  0.218097
   0.21859
  0.218987
  0.219417
  0.219981
  0.220499
  0.221061
  0.221604
  0.222314
  0.223034
  0.223544
  0.224175
   0.22478
  0.225324
   0.22575
  0.226264
   0.22668
  0.227269
   0.22774
  0.228451
  0.229134
  0.229652
  0.230158
  0.230758
  0.231342
  0.231644
  0.232227
   0.23285
  0.233316
   0.23372
  0.234352
  0.234788
  0.235229
   0.23579
  0.236224
  0.236851
  0.237457
  0.237906
  0.238419
  0.238875
  0.239433
   0.23995
  0.240469
  0.240995
  0.241424
  0.241941
  0.242449
   0.24334
  0.243942
  0.244473
  0.245123
  0.245751
  0.246299
  0.246829
  0.247209
  0.247419
  0.247969
  0.248555
  0.249052
  0.249477
   0.25004
  0.250521
  0.251078
  0.251387
  0.251839
  0.252386
  0.252846
  0.253418
  0.253982
  0.254426
    0.2549
  0.255387
    0.2559
  0.256255
   0.25686
  0.257238
   0.25781
  0.258351
   0.25903
  0.259408
   0.25989
  0.260532
   0.26086
  0.261215
  0.261764
  0.262314
  0.262839
  0.263373
  0.263843
  0.264334
  0.264776
  0.265247
  0.265836
  0.266279
  0.266832
   0.26712
  0.267647
  0.268306
  0.268637
  0.269076
  0.269304
  0.269577
  0.269951
  0.270366
  0.270723
  0.271065
  0.271649
   0.27199
  0.272453
  0.272781
  0.273265
  0.273667
  0.274359
  0.274914
  0.275313
  0.275642
  0.276185
  0.276769
  0.277273
  0.277622
  0.278008
  0.278455
  0.278908
  0.279401
  0.279733
  0.280195
  0.280715
  0.281142
  0.281513
   0.28204
  0.282483
  0.282739
  0.283175
  0.283458
  0.283732
  0.284012
  0.284134
  0.284592
  0.284921
  0.285474
  0.285826
  0.286169
  0.286534
  0.287093
   0.28752
  0.287972
  0.288427
  0.288856
   0.28936
  0.289747
  0.290204
  0.290809
  0.291242
  0.291654
  0.292232
  0.292673
   0.29309
  0.293385
    0.2938
  0.294253
  0.294586
  0.295003
  0.295488
  0.295816
  0.296225
  0.296703
  0.297097
  0.297398
   0.29764
  0.298053
  0.298573
  0.298912
  0.299414
  0.300011
  0.300403
  0.300994
   0.30137
  0.301834
  0.302227
  0.302527
   0.30297
  0.303547
  0.304001
  0.304297
  0.304703
  0.304907
  0.305299
  0.305535
  0.305904
  0.306244
  0.306491
  0.306997
  0.307455
  0.307865
  0.308195
  0.308535
  0.308996
  0.309318
  0.309457
  0.309965
  0.310415
  0.310882
  0.311191
  0.311388
  0.311797
  0.312114
  0.312505
  0.313135
  0.313567
  0.313921
  0.314401
  0.314709
  0.315102
  0.315522
  0.315989
  0.316291
  0.316761
  0.317132
  0.317488
  0.317825
  0.318229
  0.318437
  0.318828
  0.319478
  0.319826
  0.320266
  0.320576
  0.320895
  0.321245
    0.3217
  0.321962
  0.322266
   0.32257
  0.322726
  0.323161
  0.323415
  0.323833
  0.324078
  0.324447
   0.32473
   0.32517
  0.325291
  0.325691
  0.326169
  0.326275
  0.326463
  0.326918
  0.327249
  0.327478
  0.327702
  0.328196
  0.328635
  0.328905
  0.329283
  0.329556
  0.329639
   0.32986
  0.330238
  0.330424
  0.330653
  0.330882
  0.331074
  0.331535
  0.331655
    0.3319
  0.332338
  0.332662
  0.332739
  0.333217
  0.333335
  0.333675
  0.333984
  0.334371
  0.334853
  0.335387
  0.335813
  0.336172
  0.336483
  0.336836
  0.337326
  0.337904
  0.338278
  0.338792
  0.339146
  0.339222
  0.339569
      0.34
  0.340271
  0.340345
  0.340616
  0.340909
  0.341113
   0.34151
  0.341663
  0.341903
  0.342307
  0.342644
  0.342801
  0.343321
  0.343503
  0.344019
  0.344226
  0.344537
  0.344866
  0.344985
    0.3454
  0.345635
  0.345955
  0.346403
  0.346702
  0.346967
  0.347322
  0.347577
  0.347922
  0.348203
  0.348547
  0.348972
  0.349365
  0.349632
  0.349729
  0.349947
  0.350313
  0.350421
  0.350787
  0.351151
  0.351038
  0.351373
   0.35168
  0.351858
  0.352243
  0.352563
   0.35293
   0.35335
  0.353421
  0.353687
   0.35384
   0.35405
  0.354346
  0.354656
  0.355058
  0.355423
  0.355717
  0.355681
  0.355829
  0.355987
  0.356534
  0.356829
  0.357206
  0.357497
   0.35779
  0.358133
  0.358323
  0.358797
  0.359147
  0.359542
  0.359736
  0.360036
  0.360223
  0.360334
  0.360598
  0.360885
  0.361187
  0.361463
  0.361906
   0.36216
  0.362356
  0.362525
  0.362915
  0.363195
  0.363468
  0.363849
  0.364147
   0.36436
  0.364666
    0.3649
  0.365265
  0.365803
  0.366136
  0.366436
  0.366481
  0.366633
   0.36668
  0.366792
  0.366986
  0.367392
  0.367871
  0.368106
  0.368362
  0.368681
  0.369124
  0.369494
  0.369894
  0.370178
   0.37045
  0.370636
  0.370756
  0.370913
  0.371328
  0.371614
  0.371803
  0.372293
  0.372572
  0.373236
  0.373774
  0.373957
  0.374237
   0.37466
  0.374959
   0.37531
  0.375334
  0.375605
  0.375913
  0.376313
  0.376635
  0.377201
  0.377617
  0.378051
  0.378391
  0.378443
  0.378644
   0.37897
  0.379393
  0.379479
  0.379665
   0.37973
  0.380301
  0.380468
   0.38057
  0.380687
  0.380412
  0.380537
  0.380895
   0.38109
  0.381599
  0.381651
  0.382059
  0.382259
  0.382643
  0.382848
  0.383271
   0.38338
  0.383582
  0.383848
  0.384058
   0.38446
  0.384443
  0.384717
  0.384961
  0.385242
  0.385523
  0.385734
  0.386194
  0.386253
  0.386422
  0.386594
  0.386698
  0.387007
  0.386937
  0.387156
  0.387338
  0.387525
  0.387681
  0.387958
  0.388063
  0.388486
  0.388742
  0.388996
   0.38913
  0.389328
  0.389669
  0.389921
  0.390191
  0.390438
  0.390577
  0.390721
  0.390709
  0.391122
  0.391501
  0.391686
  0.391819
  0.392057
  0.392295
  0.392516
  0.393012
  0.393133
  0.393331
  0.393419
  0.393654
  0.393908
  0.394259
  0.394476
  0.394726
  0.395095
  0.395345
  0.395483
  0.395703
  0.396069
  0.396481
  0.396441
  0.396609
  0.396708
  0.397014
  0.397044
   0.39716
  0.397422
  0.397554
   0.39764
   0.39781
  0.398126
  0.398251
  0.398386
  0.398831
  0.398691
  0.398943
  0.399117
  0.399341
  0.399624
   0.39949
  0.399529
  0.399998
  0.400211
  0.400372
  0.400554
  0.400611
  0.401086
  0.401033
   0.40113
  0.401192
  0.401338
   0.40164
  0.401857
  0.402035
  0.402091
   0.40234
  0.402642
  0.402764
  0.403209
  0.403321
  0.403457
  0.403793
  0.403931
  0.404362
  0.404345
  0.404514
  0.404746
   0.40507
  0.405292
  0.405459
  0.405714
  0.405777
  0.405937
  0.406172
  0.406309
  0.406363
  0.406517
  0.406652
  0.406663
  0.406797
  0.407115
  0.407139
  0.407232
  0.407248
  0.407603
  0.407559
  0.407496
   0.40781
  0.408024
  0.408185
  0.408463
  0.408804
  0.409124
  0.409191
  0.409402
   0.40959
  0.409914
  0.410228
   0.41039
  0.410518
  0.410617
   0.41087
  0.411087
  0.411313
  0.411576
  0.411541
  0.411789
  0.412075
  0.412419
  0.412708
  0.412705
  0.412976
  0.412894
  0.412998
  0.413186
  0.413315
  0.413353
  0.413389
  0.413536
  0.413695
  0.413962
    0.4142
  0.414488
  0.414754
  0.414944
  0.415299
   0.41544
  0.415662
  0.415538
  0.415669
  0.415746
  0.416117
  0.416248
  0.416418
  0.416491
  0.416639
  0.416746
   0.41697
  0.417174
  0.417563
  0.417898
  0.417973
  0.418059
  0.418234
  0.418577
   0.41894
  0.419081
  0.419282
  0.419326
  0.419474
  0.419597
  0.419728
  0.419897
  0.420152
  0.420217
  0.420439
  0.420733
  0.420775
  0.420947
  0.421202
  0.421393
  0.421426
  0.421606
   0.42173
  0.421787
   0.42169
  0.421748
  0.421768
  0.421895
  0.422129
  0.422288
  0.422439
  0.422354
  0.422576
  0.422618
  0.422783
  0.422745
  0.422761
  0.422949
  0.423107
  0.423343
  0.423564
  0.424037
   0.42436
  0.424364
  0.424503
  0.424649
  0.424611
  0.424695
  0.424867
  0.424968
  0.424971
  0.425295
  0.425398
  0.425577
  0.425623
  0.425528
   0.42562
  0.425803
  0.426039
   0.42637
  0.426835
   0.42698
  0.427362
  0.427438
  0.427779
  0.427978
  0.428162
  0.428266
  0.428405
  0.428736
  0.428895
  0.428962
   0.42913
  0.429503
  0.429536
  0.429789
  0.430075
  0.430242
  0.430163
  0.430296
  0.430347
  0.430568
  0.430909
  0.431058
  0.431129
  0.431219
  0.431288
  0.431445
  0.431698
  0.431927
  0.432096
  0.432288
  0.432546
  0.432544
  0.432443
  0.432585
  0.432725
  0.432963
  0.433165
  0.433451
  0.433361
  0.433359
  0.433341
  0.433414
  0.433588
  0.433315
  0.433626
  0.433589
  0.433594
  0.433673
  0.433531
  0.433962
  0.434224
  0.434278
   0.43464
  0.434623
  0.434778
  0.434723
  0.434847
  0.435124
  0.435262
  0.435563
  0.435576
  0.435447
  0.435404
  0.435693
  0.435569
  0.435804
  0.436277
   0.43654
  0.436717
  0.436642
  0.436782
  0.437081
   0.43734
  0.437544
   0.43751
  0.437617
   0.43768
   0.43787
  0.438252
  0.438448
  0.438428
  0.438576
   0.43845
  0.438754
  0.438851
  0.438893
  0.438933
  0.439246
  0.439338
  0.439449
  0.439293
   0.43932
  0.439572
  0.439547
    0.4395
  0.439616
  0.439892
  0.440018
  0.440031
  0.439941
  0.440188
    0.4404
  0.440404
  0.440622
  0.440876
  0.441082
  0.441049
  0.441266
  0.441401
  0.441421
  0.441421
  0.441476
  0.441619
  0.441865
  0.442193
  0.442207
  0.442163
  0.442349
  0.442495
  0.442533
  0.442571
  0.442477
  0.442509
  0.442474
  0.442531
  0.442595
  0.442726
  0.443141
  0.443253
  0.443457
  0.443751
  0.443889
  0.444066
  0.444118
  0.444354
   0.44454
  0.444712
  0.444815
  0.444857
  0.444962
   0.44493
  0.445223
   0.44536
  0.445432
  0.445763
  0.446003
  0.446168
  0.446231
  0.446342
  0.446369
  0.446622
  0.446842
  0.447124
  0.447254
  0.447186
  0.447128
  0.447169
  0.447362
  0.447311
  0.447278
  0.447421
  0.447414
  0.447557
  0.447686
  0.447595
  0.447722
  0.447931
  0.447956
  0.447994
  0.448212
  0.448226
  0.448381
  0.448662
  0.448775
  0.448886
  0.449015
  0.449448
  0.449556
  0.449445
    0.4495
  0.449418
  0.449473
  0.449391
  0.449663
  0.449979
  0.450208
   0.45037
  0.450522
  0.450556
  0.450597
  0.450556
  0.450759
   0.45085
   0.45105
  0.450988
  0.451095
  0.451129
  0.451334
  0.451212
  0.451421
   0.45162
  0.451468
  0.451492
  0.451816
  0.451983
  0.451916
  0.451761
  0.451657
  0.451921
  0.451788
  0.451904
  0.452064
   0.45206
  0.452065
  0.452046
  0.452338
  0.452414
  0.452564
  0.452983
  0.453199
   0.45297
  0.453021
    0.4531
  0.453146
  0.453201
  0.453382
  0.453276
  0.453562
  0.453496
  0.453453
  0.453517
  0.453806
  0.453996
   0.45412
  0.453944
  0.453866
  0.454042
  0.454131
  0.454244
  0.454574
  0.454676
  0.454855
  0.455002
  0.455196
  0.455283
  0.455575
  0.455218
  0.455101
  0.454965
   0.45486
  0.454893
   0.45486
  0.455001
  0.454963
  0.454933
  0.455158
  0.455332
  0.455547
  0.455628
  0.455697
  0.456168
  0.456346
  0.456329
  0.456348
  0.456361
   0.45666
  0.456677
  0.456572
  0.456776
  0.456757
  0.456956
  0.457138
   0.45757
  0.457807
  0.457961
  0.457922
  0.457963
  0.458279
   0.45843
  0.458577
  0.458773
  0.458778
  0.458941
  0.458952
   0.45889
  0.459118
  0.459329
  0.459455
   0.45955
  0.459776
  0.459932
  0.459973
  0.460177
  0.460226
  0.460391
  0.460764
  0.460748
  0.460784
  0.460716
  0.460974
  0.460898
  0.460853
  0.461019
  0.461079
   0.46108
   0.46112
   0.46136
  0.461461
  0.461555
  0.461681
  0.461709
   0.46177
  0.462098
  0.462004
  0.462208
  0.462188
  0.462223
  0.462545
  0.462728
  0.463156
  0.462996
  0.463011
  0.463387
  0.463551
   0.46367
  0.463787
  0.463704
  0.464016
  0.464113
  0.464302
  0.464402
  0.464042
  0.464066
  0.464141
   0.46414
  0.464275
  0.464522
  0.464552
   0.46451
  0.464654
  0.464717
  0.465079
  0.465079
  0.465131
  0.465242
  0.465293
  0.465237
   0.46532
  0.465401
  0.465561
  0.465775
  0.466107
  0.466123
  0.466068
  0.465964
  0.465937
  0.466105
  0.466212
  0.466132
  0.466197
  0.466367
  0.466653
  0.466919
  0.466814
  0.466895
  0.466925
  0.466949
  0.466989
  0.466975
  0.466876
  0.467022
  0.466883
  0.467005
  0.466783
  0.466826
   0.46708
  0.467245
  0.467615
  0.467549
   0.46797
  0.468013
  0.468079
  0.468254
  0.468183
  0.468283
  0.468383
    0.4684
  0.468719
  0.468815
  0.468944
  0.469095
  0.469069
  0.468934
  0.468702
  0.468786
  0.468931
  0.469077
  0.469041
   0.46909
   0.46904
  0.469074
  0.469397
  0.469245
  0.469177
  0.469276
  0.469454
  0.469469
  0.469589
  0.469654
   0.46964
  0.469477
   0.46964
  0.469598
  0.469651
  0.469718
  0.469785
  0.469686
  0.469511
  0.469649
  0.469731
   0.46976
  0.470032
  0.470107
  0.470156
  0.470099
  0.470369
  0.470346
  0.470355
  0.470463
  0.470783
   0.47074
  0.470649
  0.470505
  0.470581
  0.470546
  0.470601
  0.470559
  0.470486
  0.470791
  0.470947
  0.471026
  0.471298
   0.47112
   0.47115
  0.471277
  0.471498
  0.471283
  0.471534
  0.471427
  0.471333
  0.471624
   0.47178
  0.471995
  0.471973
   0.47209
  0.472048
  0.472206
  0.472247
  0.472327
  0.472516
  0.472777
  0.472588
  0.472824
  0.472802
  0.472821
  0.473036
  0.473132
  0.473325
  0.473442
  0.473491
  0.473621
  0.473729
  0.473833
  0.473761
  0.473858
  0.473963
   0.47386
  0.473823
  0.473866
  0.474025
  0.473955
  0.474131
  0.474305
  0.474392
  0.474245
  0.474143
  0.474201
  0.474377
  0.474441
  0.474496
  0.474614
  0.474805
  0.474851
  0.474646
   0.47473
  0.474819
  0.474637
  0.474724
  0.474844
  0.474958
  0.475084
  0.474981
  0.475021
   0.47526
  0.475359
  0.475592
  0.475488
  0.475528
  0.475322
  0.475313
  0.475704
   0.47561
    0.4757
  0.475765
   0.47604
  0.476139
   0.47631
  0.476181
  0.476252
  0.476224
  0.476445
  0.476616
  0.476386
  0.476367
  0.476385
  0.476334
   0.47641
  0.476514
  0.476508
  0.476579
  0.476808
  0.477021
  0.476926
  0.476957
  0.477178
  0.477189
  0.477252
  0.477268
  0.477307
  0.477225
  0.477374
   0.47761
   0.47772
  0.477945
  0.477771
    0.4777
  0.477762
   0.47795
  0.478065
  0.478173
  0.478308
  0.478259
  0.478347
  0.478706
  0.478434
  0.478437
  0.478574
  0.478872
   0.47906
  0.479002
  0.479161
  0.479393
  0.479374
  0.479779
   0.47985
  0.479787
   0.47971
  0.479669
  0.479713
   0.48006
  0.479891
  0.480314
  0.480493
  0.480431
   0.48044
  0.480515
  0.480669
  0.480649
  0.480672
  0.480805
  0.480859
  0.480864
  0.480806
  0.480859
  0.480965
  0.481292
  0.481384
  0.481373
   0.48149
   0.48151
  0.481632
   0.48187
  0.481926
  0.481754
  0.481764
  0.481878
  0.481769
  0.481687
   0.48157
  0.481634
   0.48164
  0.481627
  0.481793
  0.481882
  0.482083
  0.482155
  0.482256
  0.482284
   0.48219
  0.482193
  0.482097
  0.482015
  0.481937
  0.481878
  0.482086
  0.482315
  0.482513
   0.48242
  0.482372
   0.48236
  0.482421
   0.48248
   0.48224
  0.482385
  0.482334
  0.482268
  0.482064
  0.481917
  0.481919
  0.481895
  0.482034
  0.481885
  0.481935
  0.481935
  0.481766
  0.481937
  0.481966
  0.481988
  0.481922
  0.482036
  0.481793
  0.481777
  0.481876
  0.482015
  0.482014
  0.481927
  0.481968
  0.482288
  0.482335
  0.482398
  0.482424
  0.482298
  0.482343
  0.482251
   0.48247
  0.482638
  0.482709
   0.48276
  0.482666
  0.482819
  0.483045
  0.483128
  0.482938
  0.482987
  0.483056
  0.483378
  0.483587
  0.483903
  0.483951
  0.484121
  0.484111
  0.483954
  0.484061
  0.484047
   0.48384
  0.484185
  0.483942
   0.48406
  0.484193
   0.48431
  0.484396
   0.48457
  0.484576
  0.484504
  0.484644
  0.484576
  0.484701
  0.484781
  0.484752
  0.484681
  0.484829
  0.484664
  0.484599
  0.484691
  0.484687
  0.484794
  0.485005
  0.485335
  0.485346
  0.485307
  0.485573
  0.485674
  0.485865
  0.486126
  0.485921
  0.485731
  0.485836
  0.486086
  0.486133
  0.486192
   0.48598
  0.486209
  0.486227
    0.4862
  0.486114
  0.486137
  0.486137
  0.486243
  0.486281
   0.48648
  0.486334
  0.486481
  0.486249
  0.486007
  0.486215
  0.486012
  0.485935
  0.485912
  0.486024
  0.486118
  0.486242
  0.486237
    0.4865
  0.486675
  0.486659
  0.486504
  0.486505
  0.486274
  0.486197
   0.48621
  0.486307
    0.4862
  0.486056
  0.485963
  0.485826
  0.486106
  0.485934
  0.485979
  0.486198
   0.48611
    0.4861
  0.486123
  0.486035
  0.486332
   0.48639
  0.486343
  0.486374
  0.486376
  0.486556
  0.486372
  0.486352
  0.486498
  0.486753
  0.486872
  0.486662
  0.486638
  0.486777
  0.486778
  0.486569
  0.486734
  0.486878
  0.486849
  0.486779
  0.486937
  0.487119
  0.487185
  0.487237
  0.487314
  0.487391
  0.487381
  0.487256
  0.487068
  0.487334
  0.487153
   0.48708
  0.487052
  0.487215
  0.487127
  0.487123
   0.48712
   0.48708
  0.487004
  0.487166
  0.487277
  0.487479
  0.487518
  0.487626
  0.487517
  0.487516
  0.487488
  0.487579
  0.487732
  0.487593
  0.487822
  0.487841
   0.48773
  0.487621
  0.487853
  0.487991
  0.488102
  0.488065
  0.487989
  0.488112
  0.488058
  0.488072
  0.488089
  0.488221
  0.488245
   0.48831
  0.488419
  0.488577
    0.4885
  0.488401
  0.488257
  0.488439
  0.488451
  0.488284
  0.488393
  0.488824
  0.488816
  0.488804
  0.488851
  0.488846
  0.488713
  0.488956
  0.488877
  0.488716
  0.488787
  0.488632
  0.488504
  0.488416
  0.488278
  0.488328
  0.488332
   0.48807
  0.487988
  0.487887
  0.488144
  0.488286
  0.488238
  0.488297
  0.488279
  0.488096
  0.487908
  0.487821
  0.488023
  0.488164
  0.488192
  0.488252
  0.488311
  0.488393
  0.488532
  0.488513
  0.488715
  0.488784
  0.488971
  0.489083
  0.489228
  0.489317
  0.489051
  0.489172
  0.489104
   0.48894
  0.488834
  0.488827
  0.489074
  0.489099
  0.489196
   0.48929
  0.489328
   0.48944
  0.489455
  0.489441
  0.489761
  0.489911
  0.490094
  0.489963
  0.489966
  0.490101
   0.49026
  0.490322
  0.490392
  0.490317
  0.490533
  0.490332
  0.490342
  0.490239
  0.490471
  0.490735
  0.490932
  0.490996
  0.491288
  0.491366
  0.491279
  0.491041
  0.490749
  0.490723
  0.490867
  0.491092
  0.491062
  0.491243
  0.491162
  0.491049
  0.491024
  0.490893
  0.490988
  0.491036
  0.491031
   0.49112
  0.491036
  0.491032
   0.49105
   0.49124
  0.491316
  0.491679
  0.491717
  0.491642
  0.491534
  0.491683
  0.491737
  0.491749
  0.491639
  0.491674
  0.491787
  0.491804
  0.491791
  0.491774
   0.49217
  0.491974
  0.491798
  0.491821
  0.491828
  0.491794
  0.491852
  0.492086
  0.492274
  0.492416
  0.492726
  0.492832
  0.492845
  0.492757
  0.492827
  0.492706
  0.492535
   0.49268
  0.492599
  0.492694
  0.492808
  0.492905
  0.492799
  0.492661
  0.492529
  0.492547
  0.492721
  0.492614
  0.492618
    0.4925
   0.49257
  0.492698
   0.49279
  0.492764
  0.492664
  0.492545
  0.492435
  0.492514
  0.492639
  0.492796
  0.492677
  0.492764
  0.493049
  0.493114
  0.493239
  0.493168
  0.493104
  0.493108
  0.493277
   0.49348
  0.493668
  0.493715
  0.493937
  0.494037
   0.49405
  0.494105
  0.494027
  0.493951
  0.493946
  0.493845
  0.493871
  0.493948
  0.494104
  0.494363
  0.494408
  0.494225
  0.494128
  0.494107
  0.494426
  0.494591
  0.494804
  0.494786
  0.494745
  0.494862
   0.49492
   0.49485
  0.494823
  0.494907
  0.494578
  0.494663
   0.49478
  0.494959
  0.495075
  0.495044
  0.494656
  0.494815
  0.494798
   0.49486
  0.494835
   0.49477
  0.494827
  0.494792
  0.494856
  0.494781
  0.494552
  0.494636
  0.494681
  0.494867
   0.49484
  0.494742
  0.494889
  0.494897
  0.494982
  0.494874
  0.494981
  0.495055
  0.495184
  0.495292
  0.495315
  0.495243
  0.495247
  0.495227
  0.495425
  0.495619
  0.495522
  0.495491
  0.495473
  0.495871
  0.495795
  0.495465
  0.495486
  0.495399
  0.495278
  0.495283
  0.495306
  0.495503
  0.495591
  0.495737
  0.495611
  0.495616
  0.495764
  0.495591
  0.495474
  0.495573
  0.495617
  0.495493
  0.495698
  0.495516
  0.495254
  0.495078
  0.495252
  0.495424
  0.495425
  0.495586
  0.495531
  0.495832
  0.495896
  0.496049
  0.495746
  0.495532
   0.49555
  0.495299
  0.495214
  0.495221
  0.495427
  0.495218
  0.495352
  0.495442
  0.495363
  0.495193
  0.495018
  0.494908
  0.495248
  0.495492
  0.495552
  0.495414
  0.495364
  0.495381
  0.495239
  0.495239
  0.495325
  0.495032
  0.495002
  0.494872
  0.494923
  0.495246
  0.495062
  0.495146
   0.49499
  0.494714
  0.494955
  0.495242
  0.495422
  0.495621
  0.495767
  0.495542
  0.495472
  0.495655
  0.495727
  0.495749
  0.495668
  0.495597
  0.495762
  0.496102
  0.496165
  0.496323
  0.496394
  0.496481
   0.49646
  0.496285
  0.496283
   0.49618
   0.49594
  0.495979
   0.49628
  0.496279
  0.496351
  0.496506
  0.496696
  0.496512
  0.496533
  0.496441
  0.496389
  0.496484
  0.496584
  0.496598
  0.496474
   0.49644
  0.496551
  0.496436
   0.49641
  0.496345
  0.496395
  0.496296
  0.496419
  0.496336
  0.496105
  0.496206
  0.496438
   0.49651
  0.496756
   0.49678
  0.497056
  0.497107
   0.49712
  0.497149
  0.497231
   0.49713
  0.497064
  0.497038
  0.497089
  0.497045
  0.497078
  0.497044
  0.497332
  0.497228
  0.497348
  0.497646
  0.497582
   0.49766
  0.497674
  0.497698
  0.497688
  0.497619
  0.497572
  0.497581
  0.497667
  0.497396
  0.497676
  0.497658
  0.497751
  0.497869
  0.497959
  0.497742
  0.497411
  0.497455
  0.497715
  0.497774
  0.497832
  0.497888
  0.497725
  0.497705
  0.498047
  0.497983
  0.498301
  0.498379
  0.498371
  0.498266
  0.498309
  0.498195
  0.498088
  0.498209
  0.498453
  0.498496
  0.498644
  0.498466
   0.49832
  0.498462
  0.498608
  0.498388
   0.49829
  0.498374
  0.498281
  0.498443
  0.498537
  0.498779
  0.498709
  0.498795
  0.498518
  0.498679
    0.4986
  0.498547
  0.498853
  0.498906
  0.499044
  0.499279
  0.499191
  0.499235
  0.498922
  0.498939
   0.49884
  0.498935
  0.499194
  0.499129
  0.499369
  0.499348
  0.499168
  0.499154
    0.4991
   0.49919
  0.499221
  0.499172
  0.499341
  0.499493
  0.499431
  0.499618
  0.499714
  0.499807
  0.499742
  0.499678
  0.499688
  0.499491
  0.499548
  0.499635
  0.499582
  0.499368
   0.49951
  0.499624
  0.499429
  0.499623
  0.499563
  0.499528
  0.499508
  0.499523
   0.49956
  0.499459
  0.499348
  0.499272
  0.499148
  0.499288
  0.499179
  0.499203
  0.499146
  0.498923
  0.498872
  0.499159
  0.499142
  0.498985
  0.499226
   0.49921
  0.499193
  0.499104
  0.499149
  0.499078
  0.498767
  0.498685
  0.498662
  0.498574
  0.498631
  0.498689
  0.498573
  0.498711
  0.498772
  0.498583
  0.498757
   0.49851
  0.498842
  0.498911
  0.499038
  0.499289
  0.499463
  0.499477
  0.499461
  0.499621
  0.499605
   0.49966
  0.499677
  0.499774
  0.499817
  0.500007
  0.500202
  0.500072
  0.499935
   0.49995
  0.499856
  0.499943
  0.499863
  0.499716
   0.49993
  0.499952
  0.499874
  0.499805
   0.49976
  0.499841
  0.499661
  0.499539
  0.499613
    0.4996
  0.499472
  0.499339
  0.499635
  0.499742
  0.499891
  0.499485
  0.499293
  0.499507
  0.499351
  0.499321
  0.499249
  0.499293
  0.499423
  0.499264
  0.499409
  0.499284
  0.499606
  0.499526
  0.499795
  0.499684
  0.499614
  0.499842
  0.500054
  0.500265
   0.50031
  0.500281
  0.500163
  0.500266
  0.500374
  0.500545
  0.500327
  0.500395
  0.500247
  0.500137
  0.500184
  0.500303
  0.500196
  0.500142
  0.500395
  0.500472
  0.500528
  0.500635
  0.500551
  0.500509
  0.500469
  0.500433
  0.500656
  0.500921
  0.501042
  0.500993
   0.50098
  0.501123
  0.500998
  0.500911
  0.500914
  0.500982
  0.500843
  0.500809
  0.500766
  0.500546
  0.500666
  0.500518
  0.500459
  0.500463
  0.500276
  0.500076
  0.500035
  0.500043
  0.500071
  0.499991
  0.500032
  0.499932
  0.499939
  0.500143
  0.500148
  0.500045
  0.500101
  0.500099
  0.499833
  0.500103
  0.500151
  0.500237
  0.500373
  0.500535
  0.500351
  0.500594
   0.50079
  0.500993
  0.500878
   0.50077
  0.500836
  0.500897
  0.501002
    0.5009
  0.500941
  0.500582
  0.500518
  0.500464
  0.500522
  0.500467
  0.500446
  0.500441
  0.500239
  0.500496
  0.500792
  0.500766
  0.500731
  0.500802
  0.500814
  0.500732
  0.500674
  0.500692
  0.500644
   0.50058
   0.50066
  0.500869
  0.500854
  0.500819
   0.50085
  0.500894
  0.500864
  0.500698
  0.500464
  0.500331
  0.500346
  0.500572
  0.500711
  0.500715
  0.500942
  0.500945
  0.500908
  0.500972
  0.500933
  0.500789
   0.50078
  0.500833
  0.500392
  0.500467
  0.500464
  0.500261
  0.500137
  0.500059
   0.50004
  0.500007
  0.499971
   0.49977
   0.49936
  0.499578
  0.499323
  0.499169
  0.499167
   0.49906
  0.499012
  0.499154
  0.498921
   0.49882
  0.498829
   0.49899
  0.498875
  0.498831
   0.49882
  0.498709
  0.498697
   0.49877
  0.498663
  0.498771
  0.498735
   0.49896
  0.499128
  0.499036
  0.499196
  0.499332
  0.499477
  0.499633
  0.499556
  0.499678
  0.499947
  0.499643
  0.499686
  0.499665
  0.499613
  0.499274
  0.499395
   0.49925
  0.499448
  0.499612
  0.499315
  0.499287
  0.499469
  0.499669
  0.499711
  0.499628
  0.499762
  0.499683
   0.49985
  0.499701
  0.499934
  0.499806
  0.499898
  0.499799
    0.5001
  0.500299
   0.50037
  0.500406
  0.500387
   0.50046
  0.500216
  0.500197
  0.500224
  0.500247
  0.500241
  0.500268
  0.500379
  0.500426
  0.500351
  0.500237
  0.500418
  0.500369
  0.500332
  0.500526
  0.500494
   0.50049
  0.500523
  0.500662
  0.500823
  0.500745
  0.500635
  0.500588
  0.500367
  0.500207
  0.500303
  0.500083
  0.499929
  0.500079
  0.500127
  0.499884
  0.499607
  0.499421
  0.499375
  0.499474
  0.499397
  0.499595
  0.499755
  0.499822
  0.499901
  0.499846
  0.499714
  0.499598
  0.499601
  0.499512
  0.499449
  0.499358
  0.499562
  0.499769
  0.499596
  0.499777
  0.499846
  0.499793
  0.499965
  0.500164
  0.500391
  0.500065
  0.500071
  0.500068
  0.500071
  0.499824
  0.499723
  0.499703
  0.499805
  0.499669
  0.499448
  0.499629
  0.499439
  0.499584
  0.499458
  0.499182
  0.499531
  0.499394
  0.499389
  0.499404
  0.499584
  0.499429
  0.499333
  0.499381
  0.499511
  0.499412
   0.49957
  0.499573
  0.499475
   0.49927
  0.499198
  0.498883
    0.4991
  0.499292
  0.499487
  0.499441
   0.49962
  0.499349
  0.499438
  0.499154
  0.499255
  0.499282
  0.499576
  0.499382
  0.499255
  0.499378
  0.499333
   0.49935
  0.499338
  0.499541
  0.499687
  0.499561
  0.499647
   0.49965
  0.499432
  0.499416
  0.499426
  0.499536
  0.499511
  0.499872
  0.499897
  0.499982
  0.499824
  0.499994
  0.500007
  0.500184
  0.500266
  0.500071
  0.499943
  0.499845
  0.499797
   0.49992
  0.499968
  0.500086
  0.500021
  0.500093
  0.500092
  0.499934
  0.499947
  0.499925
  0.499878
  0.499613
  0.499738
  0.499728
  0.499652
  0.499842
  0.499787
  0.499675
  0.499632
  0.499487
  0.499501
  0.499487
  0.499573
  0.499505
  0.499472
  0.499466
  0.499305
  0.499274
  0.499139
  0.499216
  0.499212
  0.499129
  0.499154
  0.499086
  0.499057
  0.498986
  0.498805
  0.498871
  0.499029
  0.498774
  0.498748
  0.498593
  0.498572
  0.498617
  0.498557
  0.498363
  0.498345
  0.498332
  0.498483
   0.49831
  0.498438
  0.498383
  0.498452
  0.498377
  0.498591
  0.498604
  0.498303
  0.498184
  0.498377
  0.498454
  0.498319
  0.498207
   0.49825
  0.498294
  0.498171
  0.498065
  0.498135
  0.498322
  0.498385
  0.498407
  0.498315
  0.498235
  0.498496
  0.498299
  0.498325
  0.498224
  0.498255
   0.49818
  0.498247
  0.498112
  0.498128
  0.498034
  0.497988
  0.498072
  0.498206
  0.497993
  0.498187
   0.49818
  0.498227
  0.498328
  0.498275
  0.498334
  0.498165
  0.498105
  0.498175
  0.498177
  0.498291
  0.498481
  0.498619
  0.499091
  0.498843
  0.498645
  0.498532
  0.498689
   0.49891
  0.498905
  0.498929
  0.498772
  0.499064
  0.498876
  0.498694
  0.498848
  0.498688
  0.498738
   0.49867
  0.498639
  0.498618
   0.49876
  0.498551
  0.498905
  0.498806
  0.498679
  0.498826
  0.498954
  0.498998
  0.499162
  0.499347
  0.499184
  0.499264
  0.499149
  0.499243
  0.498926
  0.499138
  0.499074
  0.499113
  0.499342
   0.49935
  0.499203
  0.499361
  0.499464
  0.499514
  0.499735
  0.499934
  0.500164
  0.500296
  0.500469
  0.500568
  0.500581
  0.500327
  0.500053
  0.499972
  0.499829
  0.499624
  0.499462
  0.499398
  0.499307
  0.499279
  0.499191
  0.499136
  0.499139
  0.498922
   0.49894
  0.499002
   0.49894
  0.498995
  0.498934
  0.498961
  0.498919
  0.499038
  0.499073
  0.498759
  0.498746
  0.498544
  0.498631
  0.498459
  0.498427
  0.498383
  0.498454
  0.498451
  0.498303
  0.498094
  0.498226
  0.498093
  0.498204
  0.498138
  0.498026
  0.497857
  0.497724
  0.497945
  0.497943
  0.497932
   0.49813
  0.498031
   0.49804
  0.498153
  0.498065
  0.497997
  0.497919
  0.497896
   0.49786
  0.497923
  0.497977
  0.497763
  0.497835
  0.497827
  0.497787
  0.497778
  0.497901
  0.497736
  0.497761
  0.497642
  0.497912
  0.497869
  0.497823
  0.497993
  0.497966
  0.497985
  0.497923
   0.49766
  0.497699
  0.497674
  0.497685
  0.497617
  0.497565
   0.49763
  0.497795
  0.497827
  0.497643
  0.497815
  0.497769
  0.497826
  0.497779
  0.497669
    0.4975
  0.497532
  0.497523
   0.49755
  0.497353
  0.497451
  0.497448
  0.497437
  0.497377
  0.497425
  0.497258
  0.497341
  0.497197
   0.49727
  0.497305
  0.497259
   0.49699
  0.496801
  0.496833
  0.496616
  0.496877
  0.496766
  0.496792
  0.496793
  0.496871
  0.497094
   0.49711
  0.497043
  0.496885
  0.497061
  0.497033
  0.496975
  0.497131
  0.497189
  0.497208
  0.497448
  0.497468
  0.497549
  0.497426
  0.497494
  0.497392
  0.497248
  0.497347
  0.497153
  0.497013
  0.496792
  0.496982
  0.496954
  0.497132
  0.497124
  0.497433
  0.497201
  0.496985
  0.497052
  0.496987
  0.497037
  0.496961
  0.496749
  0.496949
   0.49678
  0.496741
  0.496635
  0.496566
  0.496683
  0.496868
  0.496893
  0.497079
   0.49711
  0.497232
  0.497027
   0.49711
  0.497386
  0.497397
  0.497298
  0.497756
  0.497712
  0.497667
  0.497677
  0.497824
  0.497682
  0.497691
   0.49737
  0.497367
  0.497469
  0.497477
   0.49736
  0.497251
  0.497256
  0.497135
  0.497281
  0.497425
  0.497586
  0.497436
  0.497495
  0.497584
   0.49798
  0.497936
  0.497886
  0.497877
  0.498115
  0.498332
  0.498427
  0.498541
  0.498329
  0.498462
  0.498496
  0.498466
  0.498483
  0.498524
  0.498541
  0.499034
  0.499043
  0.498966
  0.499005
  0.498943
  0.498872
  0.498866
  0.498905
  0.498839
  0.498819
  0.498529
  0.498648
   0.49883
  0.498816
  0.498892
  0.498828
  0.498613
  0.498818
  0.499008
  0.498909
  0.498764
  0.498878
  0.498967
  0.499017
  0.499039
  0.498991
  0.498755
  0.498838
  0.498571
  0.498306
  0.498251
  0.498206
  0.498257
   0.49817
  0.498257
   0.49805
  0.498013
  0.497919
  0.497849
  0.497908
  0.497998
  0.498145
  0.498258
  0.498307
  0.498481
  0.498473
  0.498494
  0.498737
  0.498563
  0.498536
  0.498774
  0.498566
  0.498588
  0.498616
  0.498501
  0.498687
  0.498958
  0.498831
  0.498728
  0.498662
  0.498665
  0.498666
   0.49869
  0.498594
  0.498555
  0.498703
  0.498252
  0.498264
  0.498324
  0.498492
  0.498132
   0.49799
  0.498076
  0.498198
  0.498172
  0.498155
  0.498321
  0.498245
  0.498352
  0.498296
  0.498315
  0.498451
   0.49848
  0.498572
  0.498565
  0.498777
  0.498524
  0.498484
  0.498425
  0.498518
  0.498518
  0.498349
  0.498384
  0.498315
  0.498387
  0.498552
  0.498339
  0.498154
  0.498089
  0.498081
  0.497803
  0.497718
   0.49796
   0.49816
  0.498248
  0.498165
  0.498043
  0.498106
  0.498347
  0.498593
  0.498441
  0.498503
  0.498393
  0.498342
  0.498361
  0.498313
  0.498513
  0.498566
  0.498419
  0.498526
  0.498315
  0.498174
  0.498225
  0.498235
  0.497973
  0.498223
  0.498247
  0.498419
  0.498491
  0.498369
  0.498544
  0.498566
  0.498919
  0.498912
  0.498845
  0.499062
  0.498978
  0.499205
  0.499167
  0.499178
  0.499389
  0.499206
  0.499374
  0.499343
  0.499603
  0.499761
  0.499518
  0.499429
  0.499323
  0.499282
  0.499177
  0.499175
  0.499253
  0.499243
  0.499389
  0.499385
  0.499576
  0.499568
  0.499802
  0.499962
  0.499904
  0.500125
   0.50026
  0.500497
  0.500703
  0.500546
   0.50046
  0.500346
  0.500286
  0.500359
  0.500256
  0.500254
  0.500488
  0.500356
  0.500359
  0.500801
    0.5009
  0.500952
  0.500959
  0.501195
  0.501428
  0.501304
   0.50093
  0.500869
  0.500871
  0.501256
  0.501208
  0.501107
  0.500875
  0.500919
  0.500697
  0.500718
  0.500667
  0.500676
  0.500488
  0.500715
  0.500494
  0.500318
  0.500452
  0.500727
   0.50071
  0.500716
  0.500553
  0.500433
  0.500085
  0.500286
  0.500213
  0.500253
  0.500203
  0.500468
  0.500529
  0.500544
  0.500435
  0.500518
  0.500421
  0.500376
   0.50042
   0.50049
  0.500532
  0.500481
  0.500412
  0.500318
   0.50028
   0.50045
  0.500816
  0.500756
  0.500917
  0.500831
   0.50086
  0.500911
  0.501103
  0.501101
  0.501347
  0.501357
  0.501423
   0.50131
  0.501097
  0.501317
  0.501259
   0.50139
  0.501025
  0.500971
  0.501032
  0.500969
  0.501038
  0.501214
  0.501408
  0.501357
  0.501398
  0.501342
  0.501299
  0.501221
   0.50126
  0.501405
  0.501441
  0.501746
  0.501703
  0.502017
  0.502143
  0.502147
  0.502071
  0.502176
  0.502252
  0.502155
  0.502228
    0.5022
  0.502168
  0.502129
  0.501929
   0.50213
  0.502002
   0.50181
  0.501871
  0.501821
  0.501561
  0.501485
  0.501411
  0.501483
  0.501683
  0.501889
  0.501673
  0.501639
  0.501693
  0.501751
  0.501767
  0.501617
  0.501736
  0.501987
   0.50215
  0.502188
  0.502184
  0.502254
  0.502214
  0.502065
  0.502013
  0.502033
  0.501924
  0.502035
  0.501876
  0.501905
  0.501789
  0.501787
  0.502096
  0.501972
  0.501866
  0.501947
  0.502202
  0.502178
   0.50231
  0.502315
  0.502273
  0.502261
  0.502246
  0.502411
  0.502234
  0.501991
  0.502242
  0.502126
  0.502032
  0.502157
  0.501937
  0.501906
  0.501842
  0.501754
   0.50171
  0.501996
  0.502096
  0.502061
  0.501922
  0.501987
  0.501945
  0.502202
   0.50224
   0.50239
   0.50246
  0.502249
  0.501847
  0.502036
   0.50206
  0.502168
  0.502158
  0.502155
  0.502033
  0.501818
  0.502066
  0.502255
  0.501982
  0.502215
  0.502119
  0.501993
  0.502002
  0.502202
  0.502514
  0.502583
  0.502784
   0.50264
  0.502706
  0.502549
  0.502734
  0.502814
  0.502878
  0.502565
  0.502617
  0.502721
  0.502665
  0.502464
  0.502405
  0.502226
  0.502065
  0.502063
  0.501975
  0.501809
  0.501822
  0.501785
   0.50174
  0.501656
  0.501374
  0.501276
  0.501028
  0.500891
  0.500876
  0.500766
  0.500605
  0.500655
  0.500703
  0.500689
  0.500831
  0.500712
    0.5007
  0.500818
  0.500623
  0.500841
  0.500812
  0.501025
   0.50088
  0.500843
  0.500977
  0.500824
  0.500769
  0.501105
  0.501269
  0.501126
  0.500914
  0.500921
    0.5011
   0.50131
   0.50133
  0.501463
  0.501581
  0.501358
  0.501437
  0.501314
  0.501248
  0.501191
  0.501224
  0.501401
  0.501404
  0.501253
  0.501263
  0.501226
  0.501083
  0.501089
  0.501221
   0.50113
  0.501242
  0.501163
  0.501043
  0.501059
  0.501053
  0.501203
  0.501045
  0.501208
  0.501477
  0.501445
  0.501485
  0.501356
  0.501179
  0.501137
  0.501272
  0.501301
  0.501283
  0.501325
  0.501435
  0.501362
   0.50134
  0.501211
  0.501382
  0.501238
  0.501336
  0.501354
  0.501406
  0.501352
  0.501256
  0.501321
  0.501378
  0.501513
  0.501505
  0.501214
  0.501287
  0.501284
  0.501139
  0.500888
  0.500787
  0.500703
  0.500918
  0.501151
  0.501125
  0.501088
   0.50121
  0.501227
  0.501234
  0.501098
  0.500926
  0.500902
   0.50086
  0.500709
  0.500522
  0.500646
  0.500537
  0.500391
  0.500346
   0.50052
  0.500463
  0.500136
  0.500136
  0.500069
  0.500023
  0.500121
  0.499926
  0.500013
  0.499942
  0.500018
  0.500256
  0.500107
  0.500108
  0.500111
  0.500071
  0.500231
  0.500024
   0.50005
  0.500002
  0.499863
  0.499665
  0.499812
  0.499924
  0.500188
  0.499999
  0.499852
  0.499796
  0.499398
  0.499317
  0.499586
  0.499622
  0.499772
  0.499633
  0.499729
  0.499545
  0.499503
  0.499516
  0.499458
  0.499513
  0.499383
   0.49943
  0.499261
  0.499031
  0.499042
  0.498939
  0.498977
  0.499254
  0.498984
   0.49898
  0.499051
  0.499018
  0.499135
  0.499363
  0.499445
  0.499245
  0.499222
  0.498916
  0.498997
  0.498956
  0.499069
  0.499001
  0.499101
  0.499074
  0.499018
  0.499027
  0.499077
  0.499232
  0.499095
  0.499074
  0.499147
  0.498883
  0.498971
  0.499166
  0.499144
  0.498998
  0.499086
  0.499001
  0.498982
  0.499202
  0.499319
  0.499281
  0.499126
  0.499142
    0.4993
  0.499375
  0.499275
  0.499298
  0.499449
  0.499543
  0.499836
  0.499734
  0.499621
  0.499304
  0.499505
  0.499539
  0.499744
  0.499908
   0.49974
  0.499687
   0.49973
  0.499718
  0.499254
  0.499225
  0.499308
  0.499144
  0.499072
  0.498814
   0.49866
  0.498822
  0.498852
  0.498713
  0.498536
  0.498731
  0.498744
  0.498846
  0.498698
  0.498515
  0.498397
  0.498593
  0.498337
  0.498488
  0.498495
  0.498543
  0.498606
  0.498813
  0.498795
   0.49879
  0.498758
  0.498818
  0.498786
   0.49879
  0.498994
  0.498963
   0.49886
  0.498968
  0.498853
  0.498851
  0.498812
   0.49889
  0.498912
  0.498718
  0.498533
  0.498475
   0.49859
   0.49867
   0.49891
   0.49908
  0.498918
  0.499132
  0.499153
   0.49897
  0.498986
  0.498763
  0.498945
  0.498992
  0.499128
  0.499092
   0.49912
  0.499209
    0.4993
  0.499418
  0.499552
  0.499445
  0.499498
  0.499521
  0.499681
  0.499796
  0.499743
  0.499768
  0.499741
  0.499705
  0.499701
  0.499849
  0.499801
  0.499973
  0.500028
  0.499989
  0.500007
  0.499859
  0.500001
  0.500198
  0.500234
  0.500379
  0.500279
  0.500407
  0.500223
   0.50004
  0.500167
  0.500293
  0.500203
  0.500339
  0.500288
  0.500456
  0.500316
  0.500601
  0.500586
  0.500649
  0.500649
  0.500768
  0.500742
  0.500646
  0.500617
   0.50047
  0.500373
  0.500233
  0.500278
   0.50031
   0.50046
   0.50049
  0.500255
  0.500284
  0.500218
  0.500442
  0.500666
  0.500349
  0.500071
  0.500117
  0.500174
   0.50017
  0.500182
  0.499975
  0.500055
  0.500208
  0.500146
  0.500183
  0.499845
  0.499836
  0.499567
  0.499644
  0.499489
  0.499581
  0.499722
  0.499657
  0.499786
  0.499793
  0.499649
  0.499758
  0.499674
   0.49973
   0.49956
  0.499677
  0.499678
  0.499545
  0.499384
  0.499252
  0.499135
  0.498912
  0.498831
  0.498903
  0.498965
  0.498918
  0.499008
  0.499176
  0.499124
  0.499038
  0.499179
  0.499179
  0.499236
  0.499139
  0.499303
  0.499284
  0.499046
  0.499042
  0.499156
  0.499028
  0.499065
  0.499078
  0.498928
  0.498881
  0.498594
  0.498693
  0.498811
  0.498789
  0.498753
   0.49863
  0.498354
  0.498339
  0.498454
  0.498725
  0.498688
  0.498921
  0.498771
  0.498658
  0.498719
  0.498598
  0.498614
  0.498525
  0.498277
  0.498178
  0.498201
  0.498191
  0.497867
  0.497628
  0.497713
  0.497907
  0.498127
  0.498144
  0.498255
  0.498155
  0.498162
  0.498148
  0.498233
   0.49815
  0.498055
  0.497917
  0.497873
  0.498112
  0.498066
   0.49829
  0.498281
  0.498231
  0.498151
  0.498049
  0.498085
  0.497823
  0.497781
  0.498133
  0.498195
  0.498381
  0.498455
  0.498415
   0.49841
  0.498305
  0.498312
   0.49819
  0.498192
  0.498461
  0.498337
  0.498009
  0.497921
   0.49792
  0.498019
  0.498273
  0.498212
  0.498119
  0.498155
   0.49813
  0.498135
  0.498124
   0.49804
  0.498081
  0.497988
  0.498102
  0.498119
  0.498077
  0.498093
  0.497945
  0.497838
  0.497723
  0.497564
  0.497516
  0.497473
  0.497546
  0.497649
  0.497633
  0.497434
  0.497628
  0.497626
  0.497707
  0.497741
  0.497919
  0.497873
  0.497911
  0.497976
  0.498026
  0.497898
  0.498026
  0.498083
  0.498343
  0.498279
   0.49831
  0.498267
  0.498142
  0.498093
  0.498194
   0.49817
  0.497962
  0.497987
  0.497935
  0.497796
  0.497798
  0.497702
  0.497928
  0.498065
  0.498013
  0.498093
  0.498098
  0.497978
  0.497967
  0.498038
  0.497954
  0.497915
  0.498088
  0.498129
  0.497992
  0.498097
  0.497988
   0.49809
  0.498236
  0.498247
  0.498363
  0.498367
  0.498412
  0.498389
  0.498416
  0.498427
  0.498403
  0.498328
   0.49845
  0.498332
  0.498366
  0.498483
  0.498679
  0.498561
  0.498535
  0.498429
  0.498483
  0.498626
  0.498657
  0.498548
  0.498681
   0.49873
  0.498704
  0.498786
  0.498931
  0.498723
  0.498964
  0.498876
   0.49899
  0.499082
  0.499219
  0.499223
  0.499228
   0.49931
  0.499456
  0.499435
   0.49949
  0.499363
  0.499172
  0.499308
  0.499165
  0.498983
  0.498885
  0.498779
  0.498739
    0.4988
  0.498824
  0.498917
  0.499171
  0.499281
  0.499265
  0.499079
  0.499116
  0.499037
  0.499132
  0.499216
  0.498994
  0.498841
  0.498859
   0.49893
  0.498619
  0.498556
  0.498659
  0.498509
  0.498378
  0.498219
  0.498056
  0.498264
  0.498358
  0.498279
  0.498168
  0.498327
  0.498417
  0.498409
  0.498213
  0.498274
   0.49821
  0.498219
  0.497949
  0.497851
  0.497603
  0.497657
  0.497597
   0.49757
  0.497334
  0.497264
  0.497272
  0.497481
  0.497346
  0.497544
   0.49775
  0.497676
  0.497793
  0.497899
  0.497918
  0.497676
  0.497815
  0.497936
  0.497889
  0.497828
  0.497842
  0.497721
   0.49786
  0.498062
   0.49804
  0.498029
  0.498116
  0.498188
  0.498245
  0.498528
  0.498736
  0.498708
  0.498884
   0.49879
  0.498803
  0.498716
  0.498611
  0.498697
  0.498898
   0.49901
  0.499103
   0.49905
  0.499109
  0.499025
  0.498852
  0.499128
  0.499064
  0.499105
  0.499101
  0.498915
  0.498807
  0.498832
  0.498917
  0.498982
  0.498931
  0.498707
  0.498818
  0.498903
  0.499048
  0.499132
  0.498953
  0.498945
   0.49913
  0.499184
  0.499397
  0.499711
  0.499536
  0.499515
  0.499387
  0.499276
  0.499395
  0.499371
  0.499483
  0.499281
   0.49933
  0.499233
  0.499188
  0.499024
  0.499219
  0.499164
  0.499195
  0.499284
  0.499424
  0.499319
  0.499255
  0.499362
  0.499489
  0.499624
  0.499633
  0.499575
  0.499319
   0.49944
  0.499393
  0.499407
  0.499242
  0.499425
  0.499466
  0.499349
  0.499422
  0.499325
  0.499445
  0.499445
  0.499494
   0.49953
  0.499646
  0.499754
  0.499766
  0.499448
  0.499408
   0.49926
  0.499262
  0.499292
  0.499273
  0.499302
  0.499311
  0.499795
  0.499722
  0.499822
  0.499905
  0.499867
  0.499757
  0.499792
   0.49958
  0.499619
  0.499706
  0.500017
  0.499968
  0.499986
  0.500219
  0.500304
   0.50036
  0.500117
  0.499885
  0.499898
   0.50001
  0.500297
  0.500075
  0.499964
  0.499847
  0.499728
   0.49939
  0.499421
   0.49947
  0.499364
  0.499349
  0.499304
  0.499429
  0.499358
  0.499369
  0.499293
  0.499141
  0.499133
  0.498892
  0.498887
  0.498784
  0.498745
  0.498995
  0.499023
  0.499088
  0.499038
  0.498904
  0.499085
  0.499123
  0.499192
  0.499195
   0.49939
  0.499342
  0.499275
  0.499322
  0.499015
  0.499138
  0.499023
   0.49915
  0.499035
  0.499184
  0.499147
   0.49924
  0.499208
  0.499104
  0.499132
  0.499144
  0.499246
  0.498924
  0.499053
  0.498887
  0.498874
  0.498523
  0.498612
  0.498669
   0.49853
  0.498473
  0.498698
  0.498605
  0.498708
  0.498917
   0.49901
  0.499039
  0.498909
  0.498885
  0.499021
  0.498951
   0.49895
  0.499052
   0.49891
  0.499213
  0.499326
  0.499295
  0.499254
  0.499245
  0.499418
  0.499304
  0.499434
   0.49951
  0.499637
  0.499516
  0.499448
  0.499534
  0.499667
  0.499581
  0.499428
  0.499462
  0.499601
  0.499525
    0.4995
  0.499571
  0.499587
  0.499397
   0.49942
   0.49971
   0.49973
  0.499658
  0.499562
  0.499733
  0.499676
  0.499965
  0.499982
  0.500075
  0.500303
  0.500327
  0.500238
  0.500207
  0.500332
  0.500426
   0.50078
  0.500643
  0.500688
  0.500537
  0.500676
  0.500817
  0.500728
  0.500739
  0.500891
  0.500739
  0.500615
  0.500591
  0.500631
  0.500739
  0.500674
  0.500892
  0.500904
  0.501395
  0.501425
   0.50132
  0.501237
  0.501136
  0.500851
  0.500636
  0.500584
  0.500591
  0.500681
   0.50088
   0.50098
  0.500848
  0.500649
   0.50069
  0.500725
  0.500714
  0.500726
  0.500699
  0.500754
  0.500723
  0.500479
  0.500747
  0.500794
  0.500791
  0.500798
  0.500629
  0.500562
  0.500531
  0.500632
  0.500665
  0.500592
    0.5006
  0.500897
  0.500813
  0.501127
  0.501251
  0.501244
  0.500967
  0.501083
  0.501151
  0.501152
  0.501187
  0.501215
  0.501219
  0.501156
  0.500909
  0.500875
   0.50082
  0.501274
  0.501439
  0.501218
  0.501224
  0.501399
  0.501303
  0.501355
  0.501313
   0.50145
  0.501607
  0.501756
  0.501727
  0.501691
  0.501493
  0.501562
   0.50161
  0.501926
  0.501894
   0.50194
  0.501986
  0.501925
  0.502298
  0.502016
  0.501831
  0.501831
  0.501691
   0.50173
  0.501655
  0.501676
  0.501576
  0.501833
  0.502143
  0.502312
  0.502394
  0.502194
  0.502014
  0.502052
  0.501955
  0.501961
    0.5017
  0.501667
  0.501598
  0.501774
  0.501748
   0.50177
  0.501798
  0.501885
  0.501866
  0.501789
  0.501467
  0.501458
  0.501379
  0.501037
  0.500993
  0.500968
  0.501289
  0.501171
  0.501219
  0.501251
  0.501395
  0.501437
  0.501536
  0.501516
  0.501456
  0.501661
  0.501421
  0.501285
  0.501438
  0.501477
  0.501418
    0.5015
  0.501457
  0.501267
  0.501518
  0.501382
  0.501651
  0.501531
  0.501478
  0.501674
  0.501856
  0.501875
  0.501544
  0.501693
  0.501634
  0.501361
  0.501413
  0.501208
   0.50141
  0.501375
  0.501469
  0.501335
  0.501113
  0.501121
  0.501198
  0.501354
  0.501263
  0.501136
   0.50113
  0.501215
  0.501135
  0.501061
  0.500935
  0.500841
  0.500837
  0.500711
  0.500896
  0.500728
   0.50064
   0.50072
   0.50098
  0.501129
  0.500979
  0.501192
  0.501139
  0.501101
  0.501104
  0.501289
  0.501272
  0.501417
  0.501451
  0.501773
  0.501748
  0.501679
  0.501636
  0.501595
  0.501339
  0.501436
  0.501448
  0.501119
  0.501128
  0.501154
  0.501069
  0.501083
  0.500989
  0.500823
  0.501031
  0.501138
  0.501144
  0.501095
  0.501253
  0.501373
  0.501426
  0.501134
  0.501144
  0.501048
  0.501268
  0.501221
  0.501172
  0.501237
  0.501024
  0.501075
  0.501072
  0.501287
  0.501233
    0.5012
   0.50116
  0.501301
  0.501397
  0.501652
  0.501474
  0.501709
  0.501706
  0.501717
  0.501798
   0.50206
  0.502341
  0.501917
  0.501655
  0.501647
  0.501673
  0.501824
  0.501805
   0.50169
   0.50154
  0.501758
  0.501663
  0.501677
  0.501576
  0.501424
  0.501322
  0.501099
  0.501085
  0.501093
  0.501373
  0.501415
  0.501551
  0.501498
   0.50133
  0.501185
  0.501125
  0.501029
   0.50112
  0.501297
  0.501133
  0.501259
  0.501237
   0.50151
  0.501627
  0.501567
  0.501617
  0.501552
  0.501198
  0.500981
  0.500669
  0.500806
  0.500813
  0.500738
  0.500647
  0.500696
  0.500629
  0.500476
  0.500335
  0.500113
  0.500173
  0.500091
   0.50011
  0.500138
  0.500232
  0.500089
  0.500139
  0.500038
  0.500069
  0.500085
   0.50016
  0.500299
  0.500339
  0.500335
  0.500428
  0.500716
  0.500657
  0.500764
  0.500946
  0.501023
  0.500994
  0.501175
  0.501298
  0.501386
  0.501202
  0.501302
  0.501104
  0.501021
  0.500989
  0.500869
  0.500695
  0.500958
   0.50094
  0.501044
  0.500863
  0.500857
  0.500905
  0.501105
  0.500944
  0.501034
  0.501012
  0.500931
   0.50098
  0.501138
  0.500984
  0.501062
  0.501204
  0.501165
  0.500974
    0.5012
  0.501181
  0.501394
  0.501489
   0.50122
  0.501292
  0.501155
   0.50102
  0.501123
  0.501125
  0.501014
  0.501034
  0.501013
  0.500975
  0.500845
  0.500951
  0.500992
  0.501089
  0.501285
  0.501476
  0.501232
  0.501304
  0.501301
  0.501414
   0.50145
  0.501503
  0.501407
  0.501336
   0.50154
  0.501357
  0.501592
  0.501522
  0.501579
  0.501478
  0.501585
  0.501258
  0.501355
   0.50106
   0.50121
  0.501487
  0.501561
  0.501811
  0.501691
  0.501595
  0.501621
  0.501366
  0.501533
  0.501511
  0.501477
  0.501543
  0.501846
  0.501938
  0.501814
  0.502052
  0.501886
  0.501834
   0.50169
  0.501356
  0.501572
  0.501547
  0.501395
  0.501208
  0.501016
  0.500947
  0.500884
  0.500945
   0.50091
  0.500628
  0.500711
  0.500601
  0.500585
  0.500758
  0.500641
  0.500633
  0.500842
  0.500911
  0.500871
  0.500839
  0.500841
  0.500845
  0.501021
  0.500965
  0.500938
  0.501031
  0.500958
  0.500931
  0.500779
  0.500656
  0.500735
  0.500688
  0.500724
  0.500737
  0.500835
  0.500892
  0.500911
  0.501181
  0.501278
  0.501203
  0.501185
  0.501016
  0.501062
  0.501043
  0.501012
  0.501117
  0.501221
  0.501194
  0.501206
  0.501151
  0.500973
  0.500988
  0.500915
  0.501153
  0.501089
  0.500982
  0.500999
  0.501049
  0.500934
  0.500732
  0.500684
  0.500769
  0.500863
  0.500929
  0.500995
  0.500786
  0.500719
  0.501068
  0.500878
  0.500881
  0.500812
  0.500644
  0.500483
  0.500626
  0.500603
  0.500669
  0.500616
  0.500941
  0.500933
  0.501106
  0.501183
  0.501382
   0.50141
  0.501351
  0.501557
  0.501698
  0.501578
  0.501471
  0.501525
  0.501437
   0.50143
  0.501651
    0.5017
  0.501743
   0.50184
  0.501781
  0.501828
  0.501856
  0.501756
  0.501887
  0.501885
   0.50198
  0.502002
  0.502001
  0.502014
  0.502089
  0.502155
  0.502355
  0.502398
  0.502468
  0.502496
  0.502713
  0.502826
  0.502509
  0.502555
  0.502744
  0.502782
  0.502645
  0.502737
  0.502805
  0.502797
  0.502915
  0.502983
  0.502798
  0.502727
  0.502784
  0.502697
  0.502735
  0.502686
  0.502795
   0.50286
  0.502885
   0.50321
  0.503303
  0.503398
  0.503335
  0.503209
  0.503104
   0.50293
  0.502938
  0.502921
  0.503049
  0.502915
  0.503205
  0.502927
  0.502796
  0.502587
  0.502622
    0.5024
  0.502555
  0.502567
  0.502791
  0.502456
  0.502437
  0.502392
  0.502401
  0.502527
  0.502576
  0.502659
  0.502697
  0.502711
  0.502712
  0.502744
  0.502601
  0.502551
  0.502463
  0.502648
  0.502571
  0.502692
  0.502474
  0.502307
  0.502262
  0.502207
  0.502345
  0.502389
  0.502251
  0.502189
  0.502262
  0.502418
  0.502076
  0.502173
  0.502265
  0.502177
   0.50208
  0.502259
  0.502493
  0.502419
  0.502333
  0.502468
  0.502503
  0.502405
  0.502206
   0.50217
  0.502162
  0.502192
  0.502397
  0.502353
  0.502545
  0.502273
  0.502067
  0.502234
  0.502127
  0.502214
  0.502313
  0.502131
  0.502004
  0.502138
  0.502208
  0.502048
  0.501853
  0.501872
  0.501707
  0.501457
  0.501508
  0.501462
  0.501547
  0.501709
   0.50179
  0.502016
  0.502061
  0.502124
  0.501996
  0.502105
   0.50222
  0.502322
  0.502549
   0.50246
  0.502438
  0.502389
  0.502344
  0.502344
  0.502332
  0.501875
  0.501984
  0.502125
  0.502264
  0.502159
  0.502148
  0.502276
  0.502268
  0.502302
  0.502491
  0.502665
   0.50277
  0.502697
  0.502627
  0.502644
  0.502313
  0.502172
  0.502384
   0.50231
  0.502385
  0.502299
  0.502416
  0.502249
  0.502273
  0.502409
  0.502426
  0.502334
  0.502499
  0.502349
  0.502336
  0.502103
   0.50206
  0.501999
  0.501986
  0.502056
  0.502118
  0.502101
  0.502136
  0.502078
  0.502054
  0.501757
  0.501714
  0.501829
  0.501598
  0.501779
  0.501812
  0.501766
  0.501662
  0.501493
  0.501483
  0.501438
  0.501428
  0.501547
  0.501334
  0.501178
  0.501203
  0.501273
  0.501117
  0.500882
  0.501168
  0.501323
   0.50123
  0.501237
  0.501265
  0.501121
    0.5013
  0.501451
  0.501624
  0.501534
   0.50128
  0.501193
    0.5013
  0.501253
  0.501021
  0.500727
  0.501139
  0.500978
  0.501069
  0.500797
  0.500821
  0.500711
  0.500647
   0.50078
    0.5007
  0.500472
  0.500827
  0.501082
  0.501092
  0.500918
   0.50079
  0.500721
  0.500748
  0.500563
  0.500515
  0.500595
   0.50063
  0.500839
   0.50081
  0.500661
  0.500694
  0.500541
  0.500512
  0.500426
  0.500767
  0.500757
  0.500733
  0.500781
  0.500905
     0.501
  0.501267
  0.501292
  0.501219
  0.501025
  0.501085
  0.501107
   0.50105
   0.50118
  0.501308
  0.501107
  0.500966
  0.500881
  0.500922
  0.500851
  0.500761
   0.50068
  0.500653
   0.50089
  0.501252
   0.50128
  0.501133
  0.501335
  0.501122
  0.501072
  0.501013
  0.501067
   0.50096
  0.500923
  0.500867
  0.500957
  0.500797
  0.500768
  0.500773
  0.500876
  0.500696
   0.50059
  0.500559
  0.500684
  0.500671
  0.500781
  0.500885
  0.500798
  0.500632
  0.500585
  0.500746
  0.500714
  0.500807
  0.500684
  0.500785
  0.500828
  0.500774
  0.500647
  0.500563
  0.500492
  0.500279
  0.500158
  0.500037
  0.500029
  0.499897
       0.5
  0.499927
  0.499988
  0.499888
   0.49987
   0.49983
  0.499939
  0.499838
   0.49977
  0.499925
  0.500009
  0.500259
  0.500228
  0.500465
  0.500418
  0.500135
  0.500246
  0.500213
  0.500267
  0.500484
  0.500647
  0.500891
  0.500818
   0.50089
   0.50079