        0
        0
        0
        0
        0
        0
        0
        0
        0
        0
        0
        0
        0
        0
        0
        0
        0
        0
        0
        0
        0
        0
        0
        0
        0
        0
        0
        0
        0
        0
        0
        0
        0
        0
        0
        0
        0
        0
        0
        0
        0
        0
        0
        0
        0
        0
        0
        0
        0
        0
        0
        0
        0
        0
        0
        0
        0
        0
        0
        0
        0
        0
        0
        0
        0
        0
        0
        0
        0
        0
        0
        0
        0
        0
        0
        0
        0
        0
        0
        0
        0
        0
        0
        0
        0
        0
        0
        0
        0
        0
        0
        0
        0
        0
        0
        0
        0
        0
        0
        0
        0
        0
        0
        0
        0
        0
        0
        0
        0
        0
        0
        0
        0
        0
        0
        0
        0
        0
        0
        0
        0
        0
        0
        0
        0
        0
        0
        0
        0
        0
        0
        0
        0
        0
        0
        0
        0
        0
        0
        0
        0
        0
        0
        0
        0
        0
        0
        0
        0
        0
        0
        0
        0
        0
        0
        0
        0
        0
        0
        0
        0
        0
        0
        0
        0
        0
        0
        0
        0
        0
        0
        0
        0
        0
        0
        0
        0
        0
        0
        0
        0
        0
        0
        0
        0
        0
        0
        0
        0
        0
        0
        0
        0
        0
        0
        0
        0
        0
        0
        0
0.0446569
 0.109664
 0.148706
 0.179589
 0.206015
 0.229527
 0.250945
 0.270767
 0.289321
 0.306836
 0.323482
 0.339386
 0.354648
 0.369348
 0.383551
 0.397309
 0.410667
 0.423664
 0.436331
 0.448696
 0.460784
 0.472616
 0.484211
 0.495585
 0.506754
 0.517729
 0.528525
  0.53915
 0.549616
 0.559931
 0.570103
 0.580141
 0.590049
 0.599836
 0.609507
 0.619068
 0.628523
 0.637877
 0.647134
 0.656299
 0.665376
 0.674367
 0.683277
 0.692108
 0.700864
 0.709547
  0.71816
 0.726705
 0.735185
 0.743602
 0.751959
 0.760256
 0.768496
 0.776681
 0.784813
 0.792893
 0.800922
 0.808903
 0.816837
 0.824724
 0.832567
 0.840367
 0.848124
 0.855841
 0.863517
 0.871155
 0.878754
 0.886317
 0.893844
 0.901336
 0.908793
 0.916217
 0.923609
 0.930969
 0.938298
 0.945596
 0.952865
 0.960105
 0.967316
   0.9745
 0.981657
 0.988788
 0.995892
  1.00297
  1.01003
  1.01706
  1.02406
  1.03104
  1.03801
  1.04494
  1.05186
  1.05875
  1.06563
  1.07248
  1.07931
  1.08612
  1.09292
  1.09969
  1.10644
  1.11318
   1.1199
   1.1266
  1.13328
  1.13995
  1.14659
  1.15323
  1.15984
  1.16644
  1.17303
  1.17959
  1.18615
  1.19268
  1.19921
  1.20572
  1.21221
  1.21869
  1.22516
  1.23161
  1.23805
  1.24448
  1.25089
  1.25729
  1.26368
  1.27005
  1.27642
  1.28277
  1.28911
  1.29544
  1.30175
  1.30806
  1.31435
  1.32063
  1.32691
  1.33317
  1.33942
  1.34566
  1.35189
  1.35811
  1.36432
  1.37052
  1.37671
  1.38289
  1.38906
  1.39522
  1.40137
  1.40752
  1.41365
  1.41978
  1.42589
    1.432
   1.4381
  1.44419
  1.45027
  1.45635
  1.46241
  1.46847
  1.47452
  1.48057
   1.4866
  1.49263
  1.49865
  1.50466
  1.51067
  1.51666
  1.52266
  1.52864
  1.53462
  1.54059
  1.54655
   1.5525
  1.55845
   1.5644
  1.57033
  1.57626
  1.58219
   1.5881
  1.59401
  1.59992
  1.60582
  1.61171
   1.6176
  1.62348
  1.62935
  1.63522
  1.64108
  1.64694
  1.65279
  1.65864
  1.66448
  1.67032
  1.67615
  1.68197
  1.68779
   1.6936
  1.69941
  1.70522
  1.71102
  1.71681
   1.7226
  1.72838
  1.73416
  1.73994
  1.74571
  1.75147
  1.75723
  1.76299
  1.76874
  1.77449
  1.78023
  1.78596
   1.7917
  1.79743
  1.80315
  1.80887
  1.81459
   1.8203
  1.82601
  1.83171
  1.83741
  1.84311
   1.8488
  1.85449
  1.86017
  1.86585
  1.87153
   1.8772
  1.88287
  1.88853
  1.89419
  1.89985
   1.9055
  1.91115
   1.9168
  1.92244
  1.92808
  1.93372
  1.93935
  1.94498
   1.9506
  1.95622
  1.96184
  1.96746
  1.97307
  1.97868
  1.98429
  1.98989
  1.99549
  2.00108
  2.00668
  2.01227
  2.01785
  2.02344
  2.02902
   2.0346
  2.04017
  2.04574
  2.05131
  2.05688
  2.06244
    2.068
  2.07356
  2.07911
  2.08466
  2.09021
  2.09576
   2.1013
  2.10684
  2.11238
  2.11792
  2.12345
  2.12898
  2.13451
  2.14003
  2.14556
  2.15108
  2.15659
  2.16211
  2.16762
  2.17313
  2.17864
  2.18414
  2.18965
  2.19515
  2.20065
  2.20614
  2.21164
  2.21713
  2.22262
   2.2281
  2.23359
  2.23907
  2.24455
  2.25003
   2.2555
  2.26097
  2.26644
  2.27191
  2.27738
  2.28284
  2.28831
  2.29377
  2.29923
  2.30468
  2.31014
  2.31559
  2.32104
  2.32649
  2.33193
  2.33738
  2.34282
  2.34826
   2.3537
  2.35914
  2.36457
     2.37
  2.37543
  2.38086
  2.38629
  2.39171
  2.39714
  2.40256
  2.40798
   2.4134
  2.41881
  2.42423
  2.42964
  2.43505
  2.44046
  2.44587
  2.45127
  2.45668
  2.46208
  2.46748
  2.47288
  2.47828
  2.48367
  2.48907
  2.49446
  2.49985
  2.50524
  2.51063
  2.51601
   2.5214
  2.52678
  2.53216
  2.53754
  2.54292
   2.5483
  2.55367
  2.55905
  2.56442
  2.56979
  2.57516
  2.58053
  2.58589
  2.59126
  2.59662
  2.60198
  2.60734
   2.6127
  2.61806
  2.62342
  2.62877
  2.63412
  2.63948
  2.64483
  2.65018
  2.65553
  2.66087
  2.66622
  2.67156
  2.67691
  2.68225
  2.68759
  2.69293
  2.69826
   2.7036
  2.70894
  2.71427
   2.7196
  2.72493
  2.73026
  2.73559
  2.74092
  2.74625
  2.75157
   2.7569
  2.76222
  2.76754
  2.77286
  2.77818
   2.7835
  2.78882
  2.79413
  2.79945
  2.80476
  2.81007
  2.81538
  2.82069
    2.826
  2.83131
  2.83662
  2.84192
  2.84723
  2.85253
  2.85784
  2.86314
  2.86844
  2.87374
  2.87903
  2.88433
  2.88963
  2.89492
  2.90022
  2.90551
   2.9108
  2.91609
  2.92138
  2.92667
  2.93196
  2.93725
  2.94253
  2.94782
   2.9531
  2.95839
  2.96367
  2.96895
  2.97423
  2.97951
  2.98479
  2.99007
  2.99534
  3.00062
  3.00589
  3.01117
  3.01644
  3.02171
  3.02698
  3.03225
  3.03752
  3.04279
  3.04806
  3.05332
  3.05859
  3.06385
  3.06912
  3.07438
  3.07964
   3.0849
  3.09016
  3.09542
  3.10068
  3.10594
   3.1112
  3.11645
  3.12171
  3.12696
  3.13222
  3.13747
  3.14272
  3.14797
  3.15322
  3.15847
  3.16372
  3.16897
  3.17422
  3.17946
  3.18471
  3.18995
   3.1952
  3.20044
  3.20569
  3.21093
  3.21617
  3.22141
  3.22665
  3.23189
  3.23713
  3.24236
   3.2476
  3.25284
  3.25807
  3.26331
  3.26854
  3.27377
    3.279
  3.28424
  3.28947
   3.2947
  3.29993
  3.30516
  3.31038
  3.31561
  3.32084
  3.32606
  3.33129
  3.33652
  3.34174
  3.34696
  3.35219
  3.35741
  3.36263
  3.36785
  3.37307
  3.37829
  3.38351
  3.38873
  3.39394
  3.39916
  3.40438
  3.40959
  3.41481
  3.42002
  3.42524
  3.43045
  3.43566
  3.44087
  3.44608
  3.45129
   3.4565
  3.46171
  3.46692
  3.47213
  3.47734
  3.48255
  3.48775
  3.49296
  3.49816
  3.50337
  3.50857
  3.51378
  3.51898
  3.52418
  3.52938
  3.53458
  3.53978
  3.54498
  3.55018
  3.55538
  3.56058
  3.56578
  3.57098
  3.57617
  3.58137
  3.58656
  3.59176
  3.59695
  3.60215
  3.60734
  3.61253
  3.61773
  3.62292
  3.62811
   3.6333
  3.63849
  3.64368
  3.64887
  3.65406
  3.65925
  3.66444
  3.66962
  3.67481
     3.68
  3.68518
  3.69037
  3.69555
  3.70074
  3.70592
   3.7111
  3.71629
  3.72147
  3.72665
  3.73183
  3.73701
  3.74219
  3.74737
  3.75255
  3.75773
  3.76291
  3.76809
  3.77326
  3.77844
  3.78362
  3.78879
  3.79397
  3.79914
  3.80432
  3.80949
  3.81467
  3.81984
  3.82501
  3.83019
  3.83536
  3.84053
   3.8457
  3.85087
  3.85604
  3.86121
  3.86638
  3.87155
  3.87672
  3.88189
  3.88705
  3.89222
  3.89739
  3.90255
  3.90772
  3.91289
  3.91805
  3.92322
  3.92838
  3.93354
  3.93871
  3.94387
  3.94903
   3.9542
  3.95936
  3.96452
  3.96968
  3.97484
     3.98
  3.98516
  3.99032
  3.99548
  4.00064
   4.0058
  4.01095
  4.01611
  4.02127
  4.02642
  4.03158
  4.03674
  4.04189
  4.04705
   4.0522
  4.05736
  4.06251
  4.06766
  4.07282
  4.07797
  4.08312
  4.08828
  4.09343
  4.09858
  4.10373
  4.10888
  4.11403
  4.11918
  4.12433
  4.12948
  4.13463
  4.13978
  4.14493
  4.15007
  4.15522
  4.16037
  4.16552
  4.17066
  4.17581
  4.18095
   4.1861
  4.19125
  4.19639
  4.20153
  4.20668
  4.21182
  4.21697
  4.22211
  4.22725
  4.23239
  4.23754
  4.24268
  4.24782
  4.25296
   4.2581
  4.26324
  4.26838
  4.27352
  4.27866
   4.2838
  4.28894
  4.29408
  4.29922
  4.30435
  4.30949
  4.31463
  4.31977
   4.3249
  4.33004
  4.33518
  4.34031
  4.34545
  4.35058
  4.35572
  4.36085
  4.36599
  4.37112
  4.37625
  4.38139
  4.38652
  4.39165
  4.39678
  4.40192
  4.40705
  4.41218
  4.41731
  4.42244
  4.42757
   4.4327
  4.43783
  4.44296
  4.44809
  4.45322
  4.45835
  4.46348
  4.46861
  4.47374
  4.47886
  4.48399
  4.48912
  4.49425
  4.49937
   4.5045
  4.50963
  4.51475
  4.51988
    4.525
  4.53013
  4.53525
  4.54038
   4.5455
  4.55062
  4.55575
  4.56087
    4.566
  4.57112
  4.57624
  4.58136
  4.58649
  4.59161
  4.59673
  4.60185
  4.60697
  4.61209
  4.61721
  4.62233
  4.62745
  4.63257
  4.63769
  4.64281
  4.64793
  4.65305
  4.65817
  4.66329
  4.66841
  4.67352
  4.67864
  4.68376
  4.68888
  4.69399
  4.69911
  4.70423
  4.70934
  4.71446
  4.71957
  4.72469
   4.7298
  4.73492
  4.74003
  4.74515
  4.75026
  4.75538
  4.76049
  4.76561
  4.77072
  4.77583
  4.78094
  4.78606
  4.79117
  4.79628
  4.80139
  4.80651
  4.81162
  4.81673
  4.82184
  4.82695
  4.83206
  4.83717
  4.84228
  4.84739
   4.8525
  4.85761
  4.86272
  4.86783
  4.87294
  4.87805
  4.88316
  4.88826
  4.89337
  4.89848