4.143414096354140069e-02
4.153435437546074832e-02
4.163684181173685217e-02
4.174163426429496060e-02
4.184876327298513859e-02
4.195826093181394961e-02
4.207015989516642990e-02
4.218449338401437237e-02
4.230129519210763800e-02
4.242059969214338755e-02
4.254244184191023626e-02
4.266685719040212710e-02
4.279388188389767617e-02
4.292355267200103491e-02
4.305590691363863493e-02
4.319098258300752696e-02
4.332881827547002684e-02
4.346945321338973461e-02
4.361292725190378528e-02
4.375928088462520404e-02
4.390855524927039094e-02
4.406079213320615584e-02
4.421603397890953857e-02
4.437432388933541111e-02
4.453570563318499931e-02
4.470022365006909998e-02
4.486792305555969973e-02
4.503884964612339670e-02
4.521304990392927686e-02
4.539057100152497221e-02
4.557146080637334423e-02
4.575576788524292338e-02
4.594354150844425638e-02
4.613483165390462604e-02
4.632968901107416965e-02
4.652816498465432715e-02
4.673031169814153424e-02
4.693618199717788236e-02
4.714582945269965575e-02
4.735930836387633458e-02
4.757667376083099531e-02
4.779798140713298338e-02
4.802328780205446929e-02
4.825265018258185351e-02
4.848612652517250710e-02
4.872377554724801468e-02
4.896565670841358103e-02
4.921183021139555192e-02
4.946235700268573204e-02
4.971729877288382643e-02
4.997671795672763845e-02
5.024067773280093546e-02
5.050924202290902471e-02
5.078247549111196413e-02
5.106044354240439620e-02
5.134321232103215144e-02
5.163084870843522717e-02
5.192342032080572711e-02
5.222099550625133174e-02
5.252364334155189274e-02
5.283143362850021424e-02
5.314443688981426023e-02
5.346272436461198957e-02
5.378636800343536417e-02
5.411544046281486359e-02
5.445001509936198136e-02
5.479016596337946826e-02
5.513596779197781073e-02
5.548749600168696727e-02
5.584482668055266302e-02
5.620803657970611239e-02
5.657720310439584566e-02
5.695240430447098129e-02
5.733371886430523034e-02
5.772122609215039890e-02
5.811500590890898710e-02
5.851513883631511564e-02
5.892170598451294122e-02
5.933478903902265900e-02
5.975447024708310101e-02
6.018083240336142420e-02
6.061395883501901477e-02
6.105393338612465776e-02
6.150084040140418873e-02
6.195476470931819690e-02
6.241579160445738517e-02
6.288400682924731588e-02
6.335949655495316801e-02
6.384234736197588744e-02
6.433264621943164674e-02
6.483048046400606557e-02
6.533593777807579495e-02
6.584910616708962439e-02
6.637007393620182605e-02
6.689892966615172687e-02
6.743576218838151504e-02
6.798066055938736807e-02
6.853371403429812936e-02
6.909501203967484406e-02
6.966464414552807349e-02
7.024270003654704830e-02
7.082926948253751021e-02
7.142444230806363481e-02
7.202830836129245351e-02
7.264095748203654168e-02
7.326247946899412666e-02
7.389296404618421465e-02
7.453250082857633407e-02
7.518117928691414598e-02
7.583908871173322686e-02
7.650631817657359279e-02
7.718295650038817235e-02
7.786909220915017027e-02
7.856481349666036285e-02
7.927020818455929319e-02
7.998536368154687826e-02
8.071036694181547844e-02
8.144530442270049575e-02
8.219026204155530091e-02
8.294532513185752520e-02
8.371057839855383653e-02
8.448610587265129035e-02
8.527199086506520587e-02
8.606831591973282403e-02
8.687516276600351639e-02
8.769261227031732719e-02
8.852074438718365856e-02
8.935963810947401831e-02
9.020937141804176440e-02
9.107002123068473620e-02
9.194166335046577432e-02
9.282437241340806000e-02
9.371822183558205233e-02
9.462328375960368798e-02
9.553962900056114926e-02
9.646732699139166922e-02
9.740644572772948206e-02
9.835705171224486121e-02
9.931920989849962744e-02
1.002929836343407488e-01
1.012784346048575257e-01
1.022756227749272578e-01
1.032846063313762747e-01
1.043054416247834459e-01
1.053381831109535816e-01
1.063828832920904466e-01
1.074395926576992288e-01
1.085083596252489763e-01
1.095892304806259515e-01
1.106822493184123207e-01
1.117874579820207492e-01
1.129048960037216109e-01
1.140346005445958266e-01
1.151766063344502183e-01
1.163309456117316565e-01
1.174976480634769838e-01
1.186767407653373796e-01
1.198682481217149542e-01
1.210721918060530394e-01
1.222885907013180756e-01
1.235174608407159091e-01
1.247588153486826057e-01
1.260126643821939674e-01
1.272790150724335545e-01
1.285578714668667577e-01
1.298492344717600278e-01
1.311531017951941547e-01
1.324694678906142287e-01
1.337983239009615521e-01
1.351396576034347152e-01
1.364934533549255202e-01
1.378596920381756352e-01
1.392383510087022991e-01
1.406294040425397074e-01
1.420328212848425420e-01
1.434485691994023815e-01
1.448766105191205411e-01
1.463169041974897999e-01
1.477694053611303127e-01
1.492340652634285558e-01
1.507108312393283245e-01
1.521996466613211030e-01
1.537004508966834937e-01
1.552131792660117193e-01
1.567377630030986346e-01
1.582741292162015700e-01
1.598222008507501068e-01
1.613818966535369714e-01
1.629531311384435632e-01
1.645358145537413885e-01
1.661298528510197492e-01
1.677351476557807641e-01
1.693515962397503238e-01
1.709790914949459451e-01
1.726175219095465729e-01
1.742667715456072963e-01
1.759267200186597768e-01
1.775972424792403581e-01
1.792782095963860733e-01
1.809694875431381855e-01
1.826709379840903424e-01
1.843824180650217304e-01
1.861037804046469790e-01
1.878348730885234519e-01
1.895755396651458424e-01
1.913256191442624099e-01
1.930849459974455506e-01
1.948533501609446827e-01
1.966306570408531129e-01
1.984166875206139768e-01
2.002112579708938411e-01
2.020141802618455884e-01
2.038252617777880915e-01
2.056443054343190524e-01
2.074711096978854585e-01
2.093054686078273940e-01
2.111471718009132748e-01
2.129960045383800515e-01
2.148517477354931482e-01
2.167141779936364032e-01
2.185830676349415636e-01
2.204581847394666005e-01
2.223392931849257625e-01
2.242261526889795520e-01
2.261185188540809632e-01
2.280161432148848644e-01
2.299187732882115032e-01
2.318261526255667171e-01
2.337380208682071636e-01
2.356541138047477391e-01
2.375741634312968364e-01
2.394978980141103664e-01
2.414250421547488867e-01
2.433553168577216597e-01
2.452884396006005108e-01
2.472241244065808141e-01
2.491620819194706182e-01
2.511020194810784645e-01
2.530436412109789424e-01
2.549866480886213149e-01
2.569307380377562344e-01
2.588756060131417458e-01
2.608209440894997955e-01
2.627664415526803632e-01
2.647117849929987998e-01
2.666566584007023510e-01
2.686007432635254544e-01
2.705437186662856264e-01
2.724852613924768630e-01
2.744250460278092052e-01
2.763627450656432893e-01
2.782980290142708091e-01
2.802305665059828810e-01
2.821600244078726893e-01
2.840860679343120698e-01
2.860083607610477419e-01
2.879265651408486337e-01
2.898403420206488446e-01
2.917493511601162437e-01
2.936532512515851456e-01
2.955517000412843931e-01
2.974443544517894056e-01
2.993308707056359652e-01
3.012109044500133614e-01
3.030841108824759988e-01
3.049501448775905899e-01
3.068086611144511533e-01
3.086593142049802729e-01
3.105017588229451175e-01
3.123356498336060105e-01
3.141606424239228867e-01
3.159763922332380348e-01
3.177825554843555222e-01
3.195787891149377002e-01
3.213647509091356880e-01
3.231400996293765093e-01
3.249044951482173427e-01
3.266575985801929427e-01
3.283990724135666395e-01
3.301285806419078650e-01
3.318457888954068347e-01
3.335503645718496113e-01
3.352419769671662886e-01
3.369202974054713029e-01
3.385849993685118853e-01
3.402357586244447729e-01
3.418722533558545829e-01
3.434941642869367429e-01
3.451011748097609355e-01
3.466929711095350086e-01
3.482692422887904149e-01
3.498296804904060808e-01
3.513739810193994839e-01
3.529018424633965090e-01
3.544129668117158571e-01
3.559070595729794118e-01
3.573838298911847788e-01
3.588429906601591224e-01
3.602842586363245725e-01
3.617073545497037634e-01
3.631120032130969455e-01
3.644979336293585059e-01
3.658648790967095055e-01
3.672125773120204495e-01
3.685407704719962374e-01
3.698492053722067796e-01
3.711376335038985563e-01
3.724058111485297196e-01
3.736534994699708401e-01
3.748804646043167321e-01
3.760864777472552878e-01
3.772713152389423064e-01
3.784347586463316926e-01
3.795765948429149494e-01
3.806966160858238357e-01
3.817946200902500586e-01
3.828704101011474181e-01
3.839237949621674972e-01
3.849545891818019205e-01
3.859626129966887143e-01
3.869476924320526812e-01
3.879096593592513131e-01
3.888483515503954324e-01
3.897636127300190823e-01
3.906552926237758516e-01
3.915232470041407620e-01
3.923673377330971213e-01
3.931874328017928577e-01
3.939834063671508457e-01
3.947551387854243976e-01
3.955025166426826555e-01
3.962254327822244959e-01
3.969237863289108437e-01
3.975974827104170051e-01
3.982464336754001355e-01
3.988705573085880030e-01
3.994697780427897138e-01
4.000440266678378376e-01
4.005932403364657612e-01
4.011173625671377030e-01
4.016163432438394354e-01
4.020901386128444277e-01
4.025387112764778896e-01
4.029620301838927054e-01
4.033600706188805729e-01
4.037328141847449370e-01
4.040802487862542591e-01
4.044023686087105940e-01
4.046991740941600635e-01
4.049706719147732059e-01
4.052168749434333361e-01
4.054378022215677224e-01
4.056334789242533323e-01
4.058039363226405016e-01
4.059492117437343839e-01
4.060693485275725934e-01
4.061643959818460048e-01
4.062344093340056195e-01
4.062794496809028488e-01
4.062995839360092343e-01
4.062948847742678393e-01
4.062654305746231098e-01
4.062113053602838253e-01
4.061325987367703783e-01
4.060294058278018370e-01
4.059018272090737511e-01
4.057499688399904270e-01
4.055739419934001888e-01
4.053738631833986861e-01
4.051498540912540358e-01
4.049020414895157516e-01
4.046305571643685206e-01
4.043355378362885055e-01
4.040171250790691171e-01
4.036754652372712138e-01
4.033107093421678391e-01
4.029230130262412835e-01
4.025125364362981961e-01
4.020794441452655299e-01
4.016239050627318785e-01
4.011460923442993209e-01
4.006461832998070016e-01
4.001243593004942811e-01
3.995808056851660739e-01
3.990157116654260983e-01
3.984292702300384903e-01
3.978216780484900017e-01
3.971931353738065162e-01
3.965438459446954944e-01
3.958740168870760190e-01
3.951838586150556720e-01
3.944735847314238542e-01
3.937434119277176126e-01
3.929935598839240374e-01
3.922242511678826205e-01
3.914357111344456408e-01
3.906281678244564182e-01
3.898018518636084395e-01
3.889569963612403702e-01
3.880938368091246260e-01
3.872126109803126215e-01
3.863135588280852684e-01
3.853969223850713943e-01
3.844629456625817676e-01
3.835118745502203996e-01
3.825439567158191445e-01
3.815594415057521060e-01
3.805585798456780355e-01
3.795416241417622349e-01
3.785088281824261491e-01
3.774604470406730528e-01
3.763967369770350735e-01
3.753179553431884585e-01
3.742243604862825479e-01
3.731162116540223117e-01
3.719937689005491932e-01
3.708572929931625572e-01
3.697070453199172158e-01
3.685432877981386079e-01
3.673662827838934386e-01
3.661762929824489143e-01
3.649735813597591583e-01
3.637584110550083905e-01
3.625310452942475115e-01
3.612917473051506234e-01
3.600407802329257390e-01
3.587784070574047135e-01
3.575048905113417108e-01
3.562204929999455150e-01
3.549254765216718344e-01
3.536201025902947492e-01
3.523046321582866125e-01
3.509793255415216140e-01
3.496444423453234918e-01
3.483002413918804274e-01
3.469469806490386166e-01
3.455849171604942205e-01
3.442143069773969666e-01
3.428354050913812179e-01
3.414484653690336713e-01
3.400537404878125058e-01
3.386514818734254750e-01
3.372419396386778789e-01
3.358253625237979656e-01
3.344019978382441471e-01
3.329720914040046331e-01
3.315358875003895367e-01
3.300936288103202831e-01
3.286455563681220382e-01
3.271919095088150486e-01
3.257329258189096688e-01
3.242688410887043515e-01
3.227998892660815522e-01
3.213263024118047095e-01
3.198483106563088652e-01
3.183661421579795370e-01
3.168800230629228443e-01
3.153901774662098978e-01
3.138968273745961768e-01
3.124001926707075105e-01
3.109004910786816178e-01
3.093979381312577104e-01
3.078927471383050563e-01
3.063851291567776802e-01
3.048752929620877072e-01
3.033634450208811395e-01
3.018497894652055757e-01
3.003345280680578822e-01
2.988178602202953837e-01
2.972999829088994184e-01
2.957810906965724351e-01
2.942613757026564802e-01
2.927410275853560839e-01
2.912202335252487839e-01
2.896991782100662438e-01
2.881780438207309225e-01
2.866570100186265901e-01
2.851362539340874802e-01
2.836159501560878149e-01
2.820962707231118860e-01
2.805773851151842080e-01
2.790594602470443109e-01
2.775426604624417481e-01
2.760271475295346111e-01
2.745130806373718979e-01
2.730006163934341479e-01
2.714899088222193502e-01
2.699811093648475380e-01
2.684743668796644722e-01
2.669698276438261519e-01
2.654676353558373392e-01
2.639679311390307204e-01
2.624708535459563952e-01
2.609765385636673152e-01
2.594851196198768029e-01
2.579967275899648360e-01
2.565114908048131137e-01
2.550295350594509736e-01
2.535509836224817959e-01
2.520759572462780707e-01
2.506045741779173719e-01
2.491369501708407541e-01
2.476731984972106448e-01
2.462134299609488042e-01
2.447577529114316197e-01
2.433062732578227527e-01
2.418590944840220691e-01
2.404163176642091226e-01
2.389780414789633711e-01
2.375443622319367010e-01
2.361153738670621893e-01
2.346911679862755395e-01
2.332718338677313152e-01
2.318574584844942943e-01
2.304481265236849596e-01
2.290439204060621681e-01
2.276449203060215143e-01
2.262512041719922096e-01
2.248628477472134068e-01
2.234799245908717369e-01
2.221025060995819866e-01
2.207306615291925456e-01
2.193644580168996328e-01
2.180039606036498767e-01
2.166492322568191742e-01
2.153003338931447075e-01
2.139573244019003506e-01
2.126202606682945362e-01
2.112891975970748182e-01
2.099641881363276952e-01
2.086452833014531827e-01
2.073325321993028658e-01
2.060259820524644458e-01
2.047256782236794304e-01
2.034316642403791731e-01
2.021439818193271898e-01
2.008626708913512360e-01
1.995877696261536549e-01
1.983193144571883948e-01
1.970573401065890684e-01
1.958018796101376469e-01
1.945529643422613253e-01
1.933106240410466248e-01
1.920748868332572690e-01
1.908457792593466484e-01
1.896233262984536316e-01
1.884075513933709256e-01
1.871984764754740516e-01
1.859961219896055784e-01
1.848005069189007088e-01
1.836116488095442256e-01
1.824295637954560234e-01
1.812542666228882104e-01
1.800857706749316445e-01
1.789240879959198560e-01
1.777692293157242809e-01
1.766212040739333911e-01
1.754800204439059819e-01
1.743456853566949794e-01
1.732182045248311375e-01
1.720975824659629894e-01
1.709838225263455858e-01
1.698769269041715546e-01
1.687768966727387077e-01
1.676837318034499202e-01
1.665974311886380954e-01
1.655179926642118826e-01
1.644454130321173491e-01
1.633796880826112463e-01
1.623208126163411813e-01
1.612687804662270852e-01
1.602235845191434804e-01
1.591852167373940807e-01
1.581536681799802224e-01
1.571289290236551339e-01
1.561109885837645983e-01
1.550998353348687631e-01
1.540954569311418776e-01
1.530978402265518179e-01
1.521069712948102948e-01
1.511228354490969372e-01
1.501454172615531435e-01
1.491747005825433681e-01
1.482106685596838169e-01
1.472533036566353870e-01
1.463025876716597395e-01
1.453585017559394232e-01
1.444210264316579118e-01
1.434901416098401106e-01
1.425658266079535830e-01
1.416480601672675810e-01
1.407368204699724623e-01
1.398320851560553024e-01
1.389338313399353930e-01
1.380420356268563520e-01
1.371566741290376756e-01
1.362777224815834298e-01
1.354051558581496895e-01
1.345389489863711707e-01
1.336790761630462232e-01
1.328255112690835127e-01
1.319782277842074525e-01
1.311371988014260193e-01
1.303023970412607591e-01
1.294737948657394278e-01
1.286513642921541800e-01
1.278350770065831976e-01
1.270249043771810027e-01
1.262208174672349303e-01
1.254227870479923679e-01
1.246307836112570261e-01
1.238447773817587111e-01
1.230647383292961528e-01
1.222906361806552905e-01
1.215224404313046819e-01
1.207601203568690745e-01
1.200036450243842229e-01
1.192529833033335457e-01
1.185081038764691508e-01
1.177689752504189336e-01
1.170355657660813037e-01
1.163078436088110790e-01
1.155857768183963935e-01
1.148693332988302424e-01
1.141584808278781338e-01
1.134531870664444442e-01
1.127534195677390300e-01
1.120591457862469970e-01
1.113703330865025570e-01
1.106869487516713296e-01
1.100089599919412964e-01
1.093363339527252814e-01
1.086690377226781357e-01
1.080070383415298318e-01
1.073503028077373023e-01
1.066987980859570723e-01
1.060524911143413962e-01
1.054113488116594916e-01
1.047753380842477572e-01
1.041444258327891559e-01
1.035185789589265631e-01
1.028977643717095686e-01
1.022819489938804338e-01
1.016710997679977774e-01
1.010651836624051059e-01
1.004641676770407221e-01
9.986801884909723981e-02
9.927670425852812286e-02
9.869019103340734289e-02
9.810844635514170964e-02
9.753143746354026034e-02
9.695913166174115194e-02
9.639149632100095511e-02
9.582849888534460125e-02
9.527010687608364337e-02
9.471628789619947197e-02
9.416700963459827267e-02
9.362223987023701732e-02
9.308194647612470785e-02
9.254609742319949706e-02
9.201466078408428173e-02
9.148760473672516713e-02
9.096489756791040215e-02
9.044650767667686275e-02
8.993240357760222403e-02
8.942255390398808068e-02
8.891692741093343288e-02
8.841549297830275655e-02
8.791821961358946280e-02
8.742507645467655075e-02
8.693603277249857542e-02
8.645105797360316813e-02
8.597012160261870151e-02
8.549319334462564257e-02
8.502024302743678430e-02
8.455124062378589767e-02
8.408615625342914790e-02
8.362496018515824803e-02
8.316762283873020689e-02
8.271411478671247819e-02
8.226440675624845100e-02
8.181846963074175527e-02
8.137627445146390637e-02
8.093779241908563571e-02
8.050299489513380868e-02
8.007185340337566459e-02
7.964433963113141945e-02
7.922042543051940888e-02
7.880008281963096772e-02
7.838328398364123595e-02
7.797000127585376750e-02
7.756020721868323031e-02
7.715387450457594776e-02
7.675097599687027983e-02
7.635148473059930052e-02
7.595537391323474441e-02
7.556261692537735719e-02
7.517318732139091630e-02
7.478705882998466781e-02
7.440420535474387420e-02
7.402460097460983324e-02
7.364821994431157426e-02
7.327503669474953740e-02
7.290502583333252629e-02
7.253816214427112607e-02
7.217442058882578282e-02
7.181377630551273594e-02
7.145620461026878922e-02
7.110168099657547536e-02
7.075018113554452925e-02
7.040168087596494761e-02
7.005615624431363320e-02
6.971358344472919355e-02
6.937393885895323797e-02
6.903719904623525916e-02
6.870334074320737228e-02
6.837234086372571962e-02
6.804417649868212126e-02
6.771882491578570806e-02
6.739626355931632729e-02
6.707647004984966521e-02
6.675942218395546079e-02
6.644509793387100294e-02
6.613347544714777426e-02
6.582453304627550184e-02
6.551824922828169973e-02
6.521460266430979813e-02
6.491357219917480437e-02
6.461513685089841086e-02
6.431927581022359175e-02
6.402596844011106125e-02
6.373519427521578962e-02
6.344693302134654656e-02
6.316116455490798642e-02
6.287786892232642699e-02
6.259702633946019612e-02
6.231861719099466429e-02
6.204262202905461154e-02
6.176902157641235569e-02
6.149779671816007348e-02
6.122892850873284942e-02
6.096239816739799228e-02
6.069818707834132715e-02
6.043627678997533920e-02
6.017664901423686041e-02
5.991928562587554852e-02
5.966416866173317873e-02
5.941128032001424808e-02
5.916060295954980036e-02
5.891211909905230693e-02
5.866581141636509344e-02
5.842166274770432127e-02
5.817965608689571605e-02
5.793977458460577296e-02
5.770200154756768840e-02
5.746632043780251775e-02
5.723271487183773099e-02
5.700116861992039069e-02
5.677166560522768635e-02
5.654418990307515103e-02
5.631872574012196375e-02
5.609525749357423957e-02
5.587376969038697350e-02
5.565424700646447176e-02
5.543667426585981162e-02
5.522103643997448852e-02
5.500731864675671712e-02
5.479550614990119639e-02
5.458558435804844455e-02
5.437753882398536909e-02
5.417135524384697476e-02
5.396701945631974390e-02
5.376451744184641834e-02
5.356383532183288387e-02
5.336495935785844774e-02
5.316787595088749707e-02
5.297257164048493894e-02
5.277903310403464499e-02
5.258724715596151122e-02
5.239720074695766033e-02
5.220888096321202321e-02
5.202227502564451406e-02
5.183737028914561090e-02
5.165415424181974552e-02
5.147261450423394613e-02
5.129273882867260020e-02
5.111451509839695651e-02
5.093793132691063624e-02
5.076297565723170147e-02
5.058963636117023988e-02
5.041790183861270119e-02
5.024776061681352629e-02
5.007920134969275766e-02
4.991221281714158797e-02
4.974678392433463936e-02
4.958290370105027794e-02
4.942056130099847094e-02
4.925974600115677615e-02
4.910044720111413769e-02
4.894265442242310554e-02
4.878635730796143655e-02
4.863154562130123787e-02
4.847820924608788745e-02
4.832633818542772519e-02
4.817592256128511857e-02
4.802695261388931214e-02
4.787941870115056814e-02
4.773331129808613266e-02
4.758862099625714437e-02
4.744533850321470958e-02
4.730345464195687827e-02
4.716296035039636847e-02
4.702384668083901126e-02
4.688610479947283999e-02
4.674972598586894790e-02
4.661470163249317733e-02
4.648102324422914711e-02
4.634868243791409603e-02
4.621767094188527353e-02
4.608798059553920190e-02
4.595960334890301924e-02
4.583253126221797230e-02
4.570675650553594066e-02
4.558227135832880472e-02
4.545906820911015112e-02
4.533713955507052973e-02
4.521647800172681753e-02
4.509707626258360746e-02
4.497892715880982828e-02
4.486202361892843715e-02
4.474635867852017751e-02
4.463192547994249137e-02
4.451871727206217766e-02
4.440672741000254581e-02
4.429594935490687585e-02
4.418637667368965211e-02
4.407800303892683152e-02
4.397082222852852218e-02
4.386482812564738987e-02
4.376001471849946811e-02
4.365637610022098797e-02
4.355390646880105687e-02
4.345260012673598377e-02
4.335245148128149401e-02
4.325345504415070014e-02
4.315560543151022305e-02
4.305889736393839207e-02
4.296332566640172906e-02
4.286888526824905038e-02
4.277557120322408868e-02
4.268337860949668328e-02
4.259230272971232384e-02
4.250233891106182382e-02
4.241348260536886849e-02
4.232572936919856005e-02
4.223907486398465611e-02
4.215351485617761795e-02
4.206904521741310771e-02
4.198566192470047642e-02
4.190336106063328320e-02
4.182213881361986074e-02
4.174199147813675848e-02
4.166291545500312721e-02
4.158490725167759972e-02
4.150796348257759782e-02
4.143208086942154478e-02
4.135725624159433678e-02
4.128348653653576839e-02
4.121076880015297345e-02
4.113910018725771417e-02
4.106847796202677675e-02
4.099889949848843640e-02
4.093036228103327789e-02
4.086286390495096760e-02
4.079640207699258836e-02
4.073097461595962671e-02
4.066657945331928620e-02
4.060321463384661267e-02
4.054087831629476363e-02
4.047956877409233239e-02
4.041928439606898987e-02
4.036002368721001293e-02
4.030178526943936634e-02
4.024456788243281624e-02
4.018837038445995796e-02
4.013319175325729543e-02
4.007903108693116473e-02
4.002588760489299291e-02
3.997376064882472713e-02
3.992264968367712635e-02
3.987255429870011081e-02
3.982347420850597397e-02
3.977540925416631068e-02
3.972835940434229357e-02
3.968232475644922069e-02
3.963730553785637517e-02
3.959330210712146830e-02
3.955031495526122737e-02
3.950834470705786444e-02
3.946739212240241851e-02
3.942745809767517207e-02
3.938854366716418309e-02
3.935065000452119682e-02
3.931377842425665819e-02
3.927793038327453273e-02
3.924310748244602687e-02
3.920931146822366486e-02
3.917654423429659666e-02
3.914480782328676189e-02
3.911410442848731184e-02
3.908443639564262301e-02
3.905580622477232422e-02
3.902821657203722761e-02
3.900167025165117429e-02
3.897617023783540163e-02
3.895171966681937326e-02
3.892832183888635111e-02
3.890598022046539567e-02
3.888469844627014810e-02
3.886448032148448473e-02
3.884532982399572371e-02
3.882725110667700069e-02
3.881024849971719676e-02
3.879432651300133983e-02
3.877948983853970327e-02
3.876574335294845353e-02
3.875309211998002878e-02
3.874154139310617695e-02
3.873109661815164750e-02
3.872176343605547577e-02
3.871354768531459073e-02
3.870645540521819999e-02
3.870049283840250320e-02
3.869566643382448684e-02
3.869198284971798324e-02
3.868944895660552524e-02
3.868807184036514996e-02
3.868785880535403898e-02
3.868881737758826656e-02
3.869095530798058458e-02
3.869428057563412821e-02
3.869880139119539347e-02
3.870452620026440527e-02
3.871146368686377570e-02
3.871962277696715943e-02
3.872901264208593319e-02
3.873964270291568174e-02
3.875152263304339206e-02
3.876466236271346177e-02
3.877907208265456152e-02
3.879476224796695599e-02
3.881174358207048480e-02
3.883002708071311981e-02
3.884962401604140358e-02
3.887054594073054842e-02
3.889280469217661768e-02
3.891641239675018571e-02
3.894138147411040779e-02
3.896772464158074906e-02
3.899545491858599777e-02
3.902458563114967471e-02
3.905513041645321259e-02
3.908710322745558019e-02
3.912051833757293484e-02
3.915539034541905966e-02
3.919173417960621075e-02
3.922956510360477156e-02
3.926889872066252618e-02
3.930975097878304514e-02
3.935213817576167089e-02
3.939607696428066436e-02
3.944158435705957810e-02
3.948867773206359705e-02
3.953737483776785522e-02
3.958769379847564690e-02
3.963965311969191996e-02
3.969327169354952556e-02
3.974856880428791900e-02
3.980556413378331937e-02
3.986427776712933579e-02
3.992473019826595082e-02
3.998694233565655565e-02
4.005093550801236413e-02
4.011673147006051404e-02
4.018435240835683403e-02
4.025382094714016062e-02
4.032516015422706046e-02
4.039839354694538948e-02
4.047354509810499601e-02
4.055063924200259101e-02
4.062970088045973066e-02
4.071075538889262074e-02
4.079382862240926721e-02
4.087894692193377866e-02
4.096613712035417076e-02
4.105542654869170222e-02
4.114684304228974354e-02
4.124041494701736338e-02
4.133617112548720191e-02
4.143414096328403018e-02
