1.094486546492995788e-01
1.090737785569671076e-01
1.087017391311437264e-01
1.083325328510048591e-01
1.079661560398780945e-01
1.076026048685300024e-01
1.072418753584337137e-01
1.068839633850165172e-01
1.065288646808856265e-01
1.061765748390347402e-01
1.058270893160269815e-01
1.054804034351577574e-01
1.051365123895940668e-01
1.047954112454917430e-01
1.044570949450895625e-01
1.041215583097797187e-01
1.037887960431550932e-01
1.034588027340318517e-01
1.031315728594482534e-01
1.028071007876383419e-01
1.024853807809814193e-01
1.021664069989253742e-01
1.018501735008855297e-01
1.015366742491171370e-01
1.012259031115625013e-01
1.009178538646715168e-01
1.006125201961962368e-01
1.003098957079588127e-01
1.000099739185927178e-01
9.971274826625725618e-02
9.941821211132502445e-02
9.912635873904210304e-02
9.883718136216093630e-02
9.855067312354645614e-02
9.826682709875350641e-02
9.798563629857795498e-02
9.770709367157916214e-02
9.743119210657499862e-02
9.715792443510926080e-02
9.688728343389083064e-02
9.661926182720487200e-02
9.635385228929635448e-02
9.609104744672533616e-02
9.583083988069408810e-02
9.557322212934651895e-02
9.531818669003896960e-02
9.506572602158365470e-02
9.481583254646340497e-02
9.456849865302040248e-02
9.432371669760883370e-02
9.408147900673513586e-02
9.384177787915515268e-02
9.360460558795083430e-02
9.336995438257550406e-02
9.313781649088126446e-02
9.290818412109994040e-02
9.268104946381444664e-02
9.245640469389440619e-02
9.223424197240481792e-02
9.201455344848914752e-02
9.179733126122335829e-02
9.158256754144426803e-02
9.137025441355005329e-02
9.116038399727420527e-02
9.095294840943293768e-02
9.074793976564535236e-02
9.054535018202766739e-02
9.034517177686084144e-02
9.014739667223223285e-02
8.995201699565082143e-02
8.975902488163677029e-02
8.956841247328520272e-02
8.938017192380454112e-02
8.919429539802885276e-02
8.901077507390596499e-02
8.882960314395925427e-02
8.865077181672549600e-02
8.847427331816760943e-02
8.830009989306278340e-02
8.812824380636641308e-02
8.795869734455163957e-02
8.779145281692517233e-02
8.762650255691906143e-02
8.746383892335901633e-02
8.730345430170913246e-02
8.714534110529380262e-02
8.698949177649595299e-02
8.683589878793324113e-02
8.668455464361095320e-02
8.653545188005294653e-02
8.638858306741016568e-02
8.624394081054743977e-02
8.610151775010803366e-02
8.596130656355699395e-02
8.582329996620322032e-02
8.568749071219987357e-02
8.555387159552457765e-02
8.542243545093805568e-02
8.529317515492310098e-02
8.516608362660256504e-02
8.504115382863777772e-02
8.491837876810663654e-02
8.479775149736243356e-02
8.467926511487314234e-02
8.456291276604130380e-02
8.444868764400510763e-02
8.433658299042054440e-02
8.422659209622514187e-02
8.411870830238325769e-02
8.401292500061309509e-02
8.390923563409591335e-02
8.380763369816769670e-02
8.370811274099278221e-02
8.361066636422083420e-02
8.351528822362623561e-02
8.342197202973078429e-02
8.333071154840983319e-02
8.324150060148169383e-02
8.315433306728105267e-02
8.306920288121602547e-02
8.298610403630989063e-02
8.290503058372650225e-02
8.282597663328084003e-02
8.274893635393380797e-02
8.267390397427262783e-02
8.260087378297562011e-02
8.252984012926309343e-02
8.246079742333306539e-02
8.239374013678327224e-02
8.232866280301902318e-02
8.226556001764671888e-02
8.220442643885371437e-02
8.214525678777702400e-02
8.208804584885349975e-02
8.203278847016200193e-02
8.197947956375033207e-02
8.192811410594927346e-02
8.187868713767493256e-02
8.183119376471756357e-02
8.178562915801936006e-02
8.174198855393875751e-02
8.170026725450409144e-02
8.166046062765483504e-02
8.162256410747134594e-02
8.158657319439371891e-02
8.155248345542664978e-02
8.152029052433892864e-02
8.148999010184589109e-02
8.146157795578454208e-02
8.143504992127682807e-02
8.141040190088290329e-02
8.138762986474357142e-02
8.136672985071316533e-02
8.134769796448156065e-02
8.133053037968682175e-02
8.131522333801802227e-02
8.130177314930804588e-02
8.129017619161722774e-02
8.128042891130739245e-02
8.127252782310677437e-02
8.126646951016552878e-02
8.126225062410272204e-02
8.125986788504360736e-02
8.125931808164921222e-02
8.126059807113601707e-02
8.126370477928819558e-02
8.126863520046070932e-02
8.127538639757425631e-02
8.128395550210212872e-02
8.129433971404877168e-02
8.130653630192026526e-02
8.132054260268706258e-02
8.133635602173898416e-02
8.135397403283180229e-02
8.137339417802734454e-02
8.139461406762463214e-02
8.141763138008492606e-02
8.144244386194823826e-02
8.146904932774325092e-02
8.149744565988976952e-02
8.152763080859389000e-02
8.155960279173632421e-02
8.159335969475357830e-02
8.162889967051213669e-02
8.166622093917585978e-02
8.170532178806678980e-02
8.174620057151843477e-02
8.178885571072359861e-02
8.183328569357409266e-02
8.187948907449538183e-02
8.192746447427336209e-02
8.197721057987565618e-02
8.202872614426588715e-02
8.208200998621180411e-02
8.213706099008702410e-02
8.219387810566641805e-02
8.225246034791541816e-02
8.231280679677269174e-02
8.237491659692709745e-02
8.243878895758816050e-02
8.250442315225052503e-02
8.257181851845214748e-02
8.264097445752680016e-02
8.271189043434992727e-02
8.278456597707890829e-02
8.285900067688711790e-02
8.293519418769200457e-02
8.301314622587710468e-02
8.309285657000825553e-02
8.317432506054349417e-02
8.325755159953726614e-02
8.334253615033873630e-02
8.342927873728354926e-02
8.351777944538055221e-02
8.360803841999148167e-02
8.370005586650593188e-02
8.379383205000880130e-02
8.388936729494328448e-02
8.398666198476673062e-02
8.408571656160108987e-02
8.418653152587715627e-02
8.428910743597323174e-02
8.439344490784535247e-02
8.449954461465608579e-02
8.460740728639298824e-02
8.471703370948223399e-02
8.482842472639710862e-02
8.494158123525864801e-02
8.505650418943162816e-02
8.517319459711304719e-02
8.529165352091534757e-02
8.541188207744240812e-02
8.553388143685947131e-02
8.565765282245862977e-02
8.578319751021314110e-02
8.591051682833032721e-02
8.603961215679510610e-02
8.617048492690811134e-02
8.630313662081617876e-02
8.643756877103744851e-02
8.657378295997845974e-02
8.671178081944561078e-02
8.685156403014906989e-02
8.699313432119994138e-02
8.713649346960090913e-02
8.728164329972916413e-02
8.742858568281318410e-02
8.757732253640143627e-02
8.772785582382468250e-02
8.788018755365055446e-02
8.803431977913130091e-02
8.819025459764338881e-02
8.834799415012066504e-02
8.850754062047902493e-02
8.866889623503430851e-02
8.883206326191189772e-02
8.899704401044904178e-02
8.916384083058906396e-02
8.933245611226786620e-02
8.950289228479255121e-02
8.967515181621157905e-02
8.984923721267741581e-02
9.002515101780020346e-02
9.020289581199429640e-02
9.038247421181491714e-02
9.056388886928783133e-02
9.074714247122943334e-02
9.093223773855875491e-02
9.111917742560061984e-02
9.130796431937990287e-02
9.149860123890700414e-02
9.169109103445438613e-02
9.188543658682388204e-02
9.208164080660508066e-02
9.227970663342421886e-02
9.247963703518363721e-02
9.268143500729261741e-02
9.288510357188725641e-02
9.309064577704218024e-02
9.329806469597140550e-02
9.350736342622030517e-02
9.371854508884676360e-02
9.393161282759304731e-02
9.414656980804730901e-02
9.436341921679475275e-02
9.458216426055862658e-02
9.480280816533083466e-02
9.502535417549225205e-02
9.524980555292178463e-02
9.547616557609567289e-02
9.570443753917499963e-02
9.593462475108341381e-02
9.616673053457265585e-02
9.640075822527822968e-02
9.663671117076266803e-02
9.687459272954877798e-02
9.711440627014039650e-02
9.735615517003233521e-02
9.759984281470852896e-02
9.784547259662847163e-02
9.809304791420229985e-02
9.834257217075315083e-02
9.859404877346863993e-02
9.884748113233919609e-02
9.910287265908544752e-02
9.936022676607217385e-02
9.961954686521075353e-02
9.988083636684884359e-02
1.001440986786477361e-01
1.004093372044468774e-01
1.006765553431158422e-01
1.009457564873935398e-01
1.012169440227145695e-01
1.014901213260225588e-01
1.017652917645703453e-01
1.020424586947075163e-01
1.023216254606539449e-01
1.026027953932611286e-01
1.028859718087590108e-01
1.031711580074901463e-01
1.034583572726302386e-01
1.037475728688948690e-01
1.040388080412326666e-01
1.043320660135047956e-01
1.046273499871507445e-01
1.049246631398399604e-01
1.052240086241098688e-01
1.055253895659897939e-01
1.058288090636107237e-01
1.061342701858011273e-01
1.064417759706686450e-01
1.067513294241673460e-01
1.070629335186509545e-01
1.073765911914117549e-01
1.076923053432048694e-01
1.080100788367600317e-01
1.083299144952717119e-01
1.086518151008880606e-01
1.089757833931729730e-01
1.093018220675570501e-01
1.096299337737830365e-01
1.099601211143178825e-01
1.102923866427683586e-01
1.106267328622730223e-01
1.109631622238817783e-01
1.113016771249201592e-01
1.116422799073394645e-01
1.119849728560521340e-01
1.123297581972523135e-01
1.126766380967220427e-01
1.130256146581227472e-01
1.133766899212720336e-01
1.137298658604060375e-01
1.140851443824271449e-01
1.144425273251371000e-01
1.148020164554560546e-01
1.151636134676264633e-01
1.155273199814031565e-01
1.158931375402287994e-01
1.162610676093951551e-01
1.166311115741897747e-01
1.170032707380291442e-01
1.173775463205770503e-01
1.177539394558492353e-01
1.181324511903039942e-01
1.185130824809191019e-01
1.188958341932545570e-01
1.192807070995020452e-01
1.196677018765204964e-01
1.200568191038584587e-01
1.204480592617626772e-01
1.208414227291741000e-01
1.212369097817099367e-01
1.216345205896335602e-01
1.220342552158108357e-01
1.224361136136545014e-01
1.228400956250552678e-01
1.232462009783008849e-01
1.236544292859833860e-01
1.240647800428934522e-01
1.244772526239036475e-01
1.248918462818397190e-01
1.253085601453402254e-01
1.257273932167054520e-01
1.261483443697345441e-01
1.265714123475525366e-01
1.269965957604262119e-01
1.274238930835698280e-01
1.278533026549410201e-01
1.282848226730257946e-01
1.287184511946154186e-01
1.291541861325725682e-01
1.295920252535891215e-01
1.300319661759351542e-01
1.304740063671990524e-01
1.309181431420197994e-01
1.313643736598111567e-01
1.318126949224782407e-01
1.322631037721269665e-01
1.327155968887666071e-01
1.331701707880054708e-01
1.336268218187408596e-01
1.340855461608426447e-01
1.345463398228316509e-01
1.350091986395529076e-01
1.354741182698441238e-01
1.359410941941996409e-01
1.364101217124309984e-01
1.368811959413233637e-01
1.373543118122894924e-01
1.378294640690203021e-01
1.383066472651341139e-01
1.387858557618235900e-01
1.392670837255015337e-01
1.397503251254457735e-01
1.402355737314440187e-01
1.407228231114386607e-01
1.412120666291723503e-01
1.417032974418346025e-01
1.421965084977103999e-01
1.426916925338310160e-01
1.431888420736269485e-01
1.436879494245854871e-01
1.441890066759109190e-01
1.446920056961899514e-01
1.451969381310620200e-01
1.457037954008950364e-01
1.462125686984678541e-01
1.467232489866591161e-01
1.472358269961436539e-01
1.477502932230973509e-01
1.482666379269108048e-01
1.487848511279113994e-01
1.493049226050968958e-01
1.498268418938786262e-01
1.503505982838367616e-01
1.508761808164872376e-01
1.514035782830620569e-01
1.519327792223022777e-01
1.524637719182660445e-01
1.529965443981510242e-01
1.535310844301330246e-01
1.540673795212076647e-01
1.546054169151135915e-01
1.551451835901582754e-01
1.556866662571272930e-01
1.562298513572756287e-01
1.567747250602253839e-01
1.573212732619477250e-01
1.578694815827548503e-01
1.584193353653135794e-01
1.589708196726833667e-01
1.595239192863781297e-01
1.600786187044534736e-01
1.606349021396198951e-01
1.611927535173832138e-01
1.617521564742120666e-01
1.623130943557347106e-01
1.628755502149649148e-01
1.634395068105584103e-01
1.640049466051007321e-01
1.645718517634263689e-01
1.651402041509724694e-01
1.657099853321652438e-01
1.662811765688415322e-01
1.668537588187065379e-01
1.674277127338278104e-01
1.680030186591674468e-01
1.685796566311520139e-01
1.691576063762826876e-01
1.697368473097853048e-01
1.703173585343026319e-01
1.708991188386277948e-01
1.714821066964820062e-01
1.720663002653358420e-01
1.726516773852761200e-01
1.732382155779185473e-01
1.738258920453681078e-01
1.744146836692268832e-01
1.750045670096508632e-01
1.755955183044574652e-01
1.761875134682831801e-01
1.767805280917937316e-01
1.773745374409468334e-01
1.779695164563087351e-01
1.785654397524260861e-01
1.791622816172526722e-01
1.797600160116336054e-01
1.803586165688472187e-01
1.809580565942051633e-01
1.815583090647124309e-01
1.821593466287877439e-01
1.827611416060456462e-01
1.833636659871408781e-01
1.839668914336761996e-01
1.845707892781742743e-01
1.851753305241155834e-01
1.857804858460412600e-01
1.863862255897240638e-01
1.869925197724069121e-01
1.875993380831100510e-01
1.882066498830086976e-01
1.888144242058805156e-01
1.894226297586253382e-01
1.900312349218567232e-01
1.906402077505671699e-01
1.912495159748673623e-01
1.918591270008000449e-01
1.924690079112302554e-01
1.930791254668115242e-01
1.936894461070299001e-01
1.942999359513258306e-01
1.949105608002953682e-01
1.955212861369704791e-01
1.961320771281807873e-01
1.967428986259952550e-01
1.973537151692466018e-01
1.979644909851386025e-01
1.985751899909354579e-01
1.991857757957364861e-01
1.997962117023345530e-01
2.004064607091601002e-01
2.010164855123104666e-01
2.016262485076668887e-01
2.022357117930973225e-01
2.028448371707470832e-01
2.034535861494182196e-01
2.040619199470363743e-01
2.046697994932084597e-01
2.052771854318677369e-01
2.058840381240111539e-01
2.064903176505251681e-01
2.070959838151037180e-01
2.077009961472571498e-01
2.083053139054121816e-01
2.089088960801041006e-01
2.095117013972616349e-01
2.101136883215835027e-01
2.107148150600079151e-01
2.113150395652751146e-01
2.119143195395830348e-01
2.125126124383361625e-01
2.131098754739878254e-01
2.137060656199756825e-01
2.143011396147514180e-01
2.148950539658986969e-01
2.154877649543729401e-01
2.160792286387655803e-01
2.166694008597534749e-01
2.172582372445732712e-01
2.178456932116164257e-01
2.184317239751130124e-01
2.190162845499084021e-01
2.195993297563326174e-01
2.201808142251626965e-01
2.207606924026768724e-01
2.213389185558009287e-01
2.219154467773458983e-01
2.224902309913371068e-01
2.230632249584343918e-01
2.236343822814419735e-01
2.242036564109080587e-01
2.247710006508147895e-01
2.253363681643557048e-01
2.258997119798019648e-01
2.264609849964554222e-01
2.270201399906894013e-01
2.275771296220749085e-01
2.281319064395918583e-01
2.286844228879253704e-01
2.292346313138453329e-01
2.297824839726692048e-01
2.303279330348061149e-01
2.308709305923820343e-01
2.314114286659452735e-01
2.319493792112502506e-01
2.324847341261195022e-01
2.330174452573827715e-01
2.335474644078903150e-01
2.340747433436022318e-01
2.345992338007500677e-01
2.351208874930702797e-01
2.356396561191090588e-01
2.361554913695951552e-01
2.366683449348818136e-01
2.371781685124551287e-01
2.376849138145059881e-01
2.381885325755675464e-01
2.386889765602131230e-01
2.391861975708156896e-01
2.396801474553652278e-01
2.401707781153440691e-01
2.406580415136572448e-01
2.411418896826170166e-01
2.416222747319791142e-01
2.420991488570294059e-01
2.425724643467192243e-01
2.430421735918469883e-01
2.435082290932845117e-01
2.439705834702466658e-01
2.444291894686009547e-01
2.448839999692167535e-01
2.453349679963507668e-01
2.457820467260675157e-01
2.462251894946929642e-01
2.466643498072974006e-01
2.470994813462082107e-01
2.475305379795476046e-01
2.479574737697955999e-01
2.483802429823735447e-01
2.487988000942480127e-01
2.492130998025517130e-01
2.496230970332190546e-01
2.500287469496345061e-01
2.504300049612913637e-01
2.508268267324574863e-01
2.512191681908477192e-01
2.516069855362980667e-01
2.519902352494409747e-01
2.523688741003783376e-01
2.527428591573507299e-01
2.531121477953982013e-01
2.534766977050129100e-01
2.538364669007797114e-01
2.541914137299997045e-01
2.545414968813006773e-01
2.548866753932234608e-01
2.552269086627885764e-01
2.555621564540371260e-01
2.558923789065427057e-01
2.562175365438951191e-01
2.565375902821495080e-01
2.568525014382401772e-01
2.571622317383561174e-01
2.574667433262756155e-01
2.577659987716566792e-01
2.580599610782818298e-01
2.583485936922532700e-01
2.586318605101364243e-01
2.589097258870488583e-01
2.591821546446920754e-01
2.594491120793242511e-01
2.597105639696692947e-01
2.599664765847612968e-01
2.602168166917214753e-01
2.604615515634641221e-01
2.607006489863293308e-01
2.609340772676401188e-01
2.611618052431817771e-01
2.613838022845988429e-01
2.616000383067092483e-01
2.618104837747324831e-01
2.620151097114277183e-01
2.622138877041424454e-01
2.624067899117651925e-01
2.625937890715833167e-01
2.627748585060404873e-01
2.629499721293949155e-01
2.631191044542707247e-01
2.632822305981055155e-01
2.634393262894885179e-01
2.635903678743863887e-01
2.637353323222580981e-01
2.638741972320510776e-01
2.640069408380824045e-01
2.641335420157965297e-01
2.642539802874033228e-01
2.643682358273896638e-01
2.644762894679045240e-01
2.645781227040154837e-01
2.646737176988335216e-01
2.647630572885055766e-01
2.648461249870708856e-01
2.649229049911809297e-01
2.649933821846805482e-01
2.650575421430471645e-01
2.651153711376893485e-01
2.651668561400976620e-01
2.652119848258525092e-01
2.652507455784822721e-01
2.652831274931718442e-01
2.653091203803206732e-01
2.653287147689479264e-01
2.653419019099425014e-01
2.653486737791586614e-01
2.653490230803538519e-01
2.653429432479681438e-01
2.653304284497435828e-01
2.653114735891838327e-01
2.652860743078502281e-01
2.652542269874954006e-01
2.652159287520323150e-01
2.651711774693382706e-01
2.651199717528922584e-01
2.650623109632452845e-01
2.649981952093224402e-01
2.649276253495571609e-01
2.648506029928545669e-01
2.647671304993859387e-01
2.646772109812114415e-01
2.645808483027328184e-01
2.644780470809728889e-01
2.643688126856842402e-01
2.642531512392845561e-01
2.641310696166200844e-01
2.640025754445549655e-01
2.638676771013886979e-01
2.637263837160998547e-01
2.635787051674167158e-01
2.634246520827139282e-01
2.632642358367381363e-01
2.630974685501584753e-01
2.629243630879459781e-01
2.627449330575796216e-01
2.625591928070815650e-01
2.623671574228799153e-01
2.621688427275001287e-01
2.619642652770874380e-01
2.617534423587580816e-01
2.615363919877815024e-01
2.613131329045950135e-01
2.610836845716498211e-01
2.608480671700906806e-01
2.606063015962696849e-01
2.603584094580962405e-01
2.601044130712212299e-01
2.598443354550603601e-01
2.595782003286556394e-01
2.593060321063758167e-01
2.590278558934595021e-01
2.587436974813993040e-01
2.584535833431707008e-01
2.581575406283055374e-01
2.578555971578140316e-01
2.575477814189528480e-01
2.572341225598460124e-01
2.569146503839551121e-01
2.565893953444058351e-01
2.562583885381667925e-01
2.559216617000889538e-01
2.555792471968016399e-01
2.552311780204713498e-01
2.548774877824224738e-01
2.545182107066250032e-01
2.541533816230479026e-01
2.537830359608828634e-01
2.534072097416398828e-01
2.530259395720979021e-01
2.526392626372432337e-01
2.522472166928085846e-01
2.518498400580639895e-01
2.514471716082122832e-01
2.510392507667831286e-01
2.506261174978953177e-01
2.502078122984113251e-01
2.497843761899847248e-01
2.493558507110036626e-01
2.489222779084335757e-01
2.484837003295601587e-01
2.480401610136385993e-01
2.475917034834471120e-01
2.471383717367520994e-01
2.466802102376843830e-01
2.462172639080318914e-01
2.457495781184488304e-01
2.452771986795871384e-01
2.448001718331511978e-01
2.443185442428791598e-01
2.438323629854535768e-01
2.433416755413453925e-01
2.428465297855929017e-01
2.423469739785187593e-01
2.418430567563895073e-01
2.413348271220184527e-01
2.408223344353166429e-01
2.403056284037937973e-01
2.397847590730132483e-01
2.392597768170028061e-01
2.387307323286256555e-01
2.381976766099132836e-01
2.376606609623645727e-01
2.371197369772128083e-01
2.365749565256648479e-01
2.360263717491151436e-01
2.354740350493368106e-01
2.349179990786540440e-01
2.343583167300977432e-01
2.337950411275490914e-01
2.332282256158709211e-01
2.326579237510340847e-01
2.320841892902376080e-01
2.315070761820293976e-01
2.309266385564267832e-01
2.303429307150434702e-01
2.297560071212225719e-01
2.291659223901812426e-01
2.285727312791676902e-01
2.279764886776351751e-01
2.273772495974346608e-01
2.267750691630294746e-01
2.261700026017348930e-01
2.255621052339843446e-01
2.249514324636271989e-01
2.243380397682583072e-01
2.237219826895837649e-01
2.231033168238249209e-01
2.224820978121634096e-01
2.218583813312291209e-01
2.212322230836353265e-01
2.206036787885621575e-01
2.199728041723904015e-01
2.193396549593901734e-01
2.187042868624650693e-01
2.180667555739547736e-01
2.174271167564991170e-01
2.167854260339645289e-01
2.161417389824366875e-01
2.154961111212804481e-01
2.148485979042698002e-01
2.141992547107902378e-01
2.135481368371153488e-01
2.128952994877591764e-01
2.122407977669076018e-01
2.115846866699295781e-01
2.109270210749716323e-01
2.102678557346349952e-01
2.096072452677409381e-01
2.089452441511818193e-01
2.082819067118636680e-01
2.076172871187388080e-01
2.069514393749329606e-01
2.062844173099656619e-01
2.056162745720682694e-01
2.049470646205985291e-01
2.042768407185562296e-01
2.036056559251978315e-01
2.029335630887543207e-01
2.022606148392527281e-01
2.015868635814416221e-01
2.009123614878240427e-01
2.002371604917955461e-01
1.995613122808934103e-01
1.988848682901530607e-01
1.982078796955766553e-01
1.975303974077115832e-01
1.968524720653435089e-01
1.961741540293014396e-01
1.954954933763329017e-01
1.948165398933593140e-01
1.941373430711867687e-01
1.934579520992127932e-01
1.927784158595904351e-01
1.920987829217753462e-01
1.914191015371451698e-01
1.907394196337401648e-01
1.900597848111206800e-01
1.893802443353467813e-01
1.887008451340757009e-01
1.880216337917822167e-01
1.873426565450972414e-01
1.866639592782689261e-01
1.859855875187449992e-01
1.853075864328748434e-01
1.846300008217348909e-01
1.839528751170738941e-01
1.832762533773804881e-01
1.826001792840714621e-01
1.819246961378021554e-01
1.812498468548970898e-01
1.805756739639020614e-01
1.799022196022571629e-01
1.792295255130899045e-01
1.785576330421290991e-01
1.778865831347375692e-01
1.772164163330661735e-01
1.765471727733249618e-01
1.758788921831747620e-01
1.752116138792353672e-01
1.745453767647128229e-01
1.738802193271427599e-01
1.732161796362506889e-01
1.725532953419283422e-01
1.718916036723246998e-01
1.712311414320520364e-01
1.705719450005054316e-01
1.699140503302956906e-01
1.692574929457940913e-01
1.686023079417888482e-01
1.679485299822516542e-01
1.672961932992149958e-01
1.666453316917566874e-01
1.659959785250938458e-01
1.653481667297823920e-01
1.647019288010236615e-01
1.640572967980743757e-01
1.634143023437621689e-01
1.627729766241023945e-01
1.621333503880177940e-01
1.614954539471577522e-01
1.608593171758174734e-01
1.602249695109561056e-01
1.595924399523097337e-01
1.589617570626036813e-01
1.583329489678564628e-01
1.577060433577791021e-01
1.570810674862654910e-01
1.564580481719749783e-01
1.558370117990036108e-01
1.552179843176444696e-01
1.546009912452344925e-01
1.539860576670881165e-01
1.533732082375141859e-01
1.527624671809170720e-01
1.521538582929788941e-01
1.515474049419223979e-01
1.509431300698530487e-01
1.503410561941786183e-01
1.497412054091051548e-01
1.491435993872076982e-01
1.485482593810749374e-01
1.479552062250250599e-01
1.473644603368937100e-01
1.467760417198897549e-01
1.461899699645196615e-01
1.456062642505787097e-01
1.450249433492055984e-01
1.444460256250029440e-01
1.438695290382176473e-01
1.432954711469835163e-01
1.427238691096226475e-01
1.421547396870046220e-01
1.415880992449619069e-01
1.410239637567609894e-01
1.404623488056261083e-01
1.399032695873161092e-01
1.393467409127510936e-01
1.387927772106892221e-01
1.382413925304511737e-01
1.376926005446901247e-01
1.371464145522086064e-01
1.366028474808177740e-01
1.360619118902395563e-01
1.355236199750489701e-01
1.349879835676573991e-01
1.344550141413325406e-01
1.339247228132563194e-01
1.333971203476178313e-01
1.328722171587402856e-01
1.323500233142477500e-01
1.318305485382227360e-01
1.313138022144961503e-01
1.307997933898289444e-01
1.302885307772253809e-01
1.297800227592293687e-01
1.292742773912553822e-01
1.287713024049403909e-01
1.282711052115211303e-01
1.277736929052299131e-01
1.272790722667130336e-01
1.267872497664662423e-01
1.262982315682892043e-01
1.258120235327557512e-01
1.253286312206996211e-01
1.248480598967148941e-01
1.243703145326687243e-01
1.238953998112271443e-01
1.234233201293902515e-01
1.229540796020390930e-01
1.224876820654891701e-01
1.220241310810534219e-01
1.215634299386103706e-01
1.211055816601792207e-01
1.206505890034978851e-01
1.201984544656063136e-01
1.197491802864311672e-01
1.193027684523722126e-01
1.188592206998904249e-01
1.184185385190943685e-01
1.179807231573266474e-01
1.175457756227472617e-01
1.171136966879148117e-01
1.166844868933633178e-01
1.162581465511747097e-01
1.158346757485454875e-01
1.154140743513473039e-01
1.149963420076802328e-01
1.145814781514182812e-01
1.141694820057459897e-01
1.137603525866856258e-01
1.133540887066145780e-01
1.129506889777711492e-01
1.125501518157495245e-01
1.121524754429815002e-01
1.117576578922064856e-01
1.113656970099267396e-01
1.109765904598489922e-01
1.105903357263110648e-01
1.102069301176928362e-01
1.098263707698113878e-01
1.094486546492996482e-01
