4.143414096354139375e-02
4.133617112574036745e-02
4.124041494726589374e-02
4.114684304253336811e-02
4.105542654893003240e-02
4.096613712058679024e-02
4.087894692216039599e-02
4.079382862262968118e-02
4.071075538910639419e-02
4.062970088066678032e-02
4.055063924220260463e-02
4.047354509829776542e-02
4.039839354713059549e-02
4.032516015440445328e-02
4.025382094730966392e-02
4.018435240851825352e-02
4.011673147021370400e-02
4.005093550815720660e-02
3.998694233579309920e-02
3.992473019839391096e-02
3.986427776724893457e-02
3.980556413389427228e-02
3.974856880439021217e-02
3.969327169364328389e-02
3.963965311977711570e-02
3.958769379855230086e-02
3.953737483783611312e-02
3.948867773212358379e-02
3.944158435711133531e-02
3.939607696432442102e-02
3.935213817579753803e-02
3.930975097881104358e-02
3.926889872068288490e-02
3.922956510361776811e-02
3.919173417961199779e-02
3.915539034541791474e-02
3.912051833756508695e-02
3.908710322744132770e-02
3.905513041643272204e-02
3.902458563112316814e-02
3.899545491855378743e-02
3.896772464154316107e-02
3.894138147406764339e-02
3.891641239670257796e-02
3.889280469212456209e-02
3.887054594067423235e-02
3.884962401598127113e-02
3.883002708064928893e-02
3.881174358200320529e-02
3.879476224789664418e-02
3.877907208258146027e-02
3.876466236263786252e-02
3.875152263296566951e-02
3.873964270283607181e-02
3.872901264200469956e-02
3.871962277688471149e-02
3.871146368678020366e-02
3.870452620017997974e-02
3.869880139111037815e-02
3.869428057554885614e-02
3.869095530789516679e-02
3.868881737750310551e-02
3.868785880526927345e-02
3.868807184028107832e-02
3.868944895652225852e-02
3.869198284963574347e-02
3.869566643374339893e-02
3.870049283832278919e-02
3.870645540513999172e-02
3.871354768523808249e-02
3.872176343598090348e-02
3.873109661815163363e-02
3.874154139310629491e-02
3.875309211998008430e-02
3.876574335294843271e-02
3.877948983853971715e-02
3.879432651300129820e-02
3.881024849971716206e-02
3.882725110667694518e-02
3.884532982399574452e-02
3.886448032148446391e-02
3.888469844627017585e-02
3.890598022046540261e-02
3.892832183888635111e-02
3.895171966681931774e-02
3.897617023783538082e-02
3.900167025165111184e-02
3.902821657203722761e-02
3.905580622477233810e-02
3.908443639564271321e-02
3.911410442848734653e-02
3.914480782328683128e-02
3.917654423429660360e-02
3.920931146822360935e-02
3.924310748244599911e-02
3.927793038327450498e-02
3.931377842425666513e-02
3.935065000452114131e-02
3.938854366716428718e-02
3.942745809767523452e-02
3.946739212240242545e-02
3.950834470705787832e-02
3.955031495526120655e-02
3.959330210712139198e-02
3.963730553785632660e-02
3.968232475644919988e-02
3.972835940434225888e-02
3.977540925416638007e-02
3.982347420850598785e-02
3.987255429870015244e-02
3.992264968367709166e-02
3.997376064882472019e-02
4.002588760489293046e-02
4.007903108693115085e-02
4.013319175325729543e-02
4.018837038446004817e-02
4.024456788243288563e-02
4.030178526943940798e-02
4.036002368720998518e-02
4.041928439606894824e-02
4.047956877409231852e-02
4.054087831629473587e-02
4.060321463384661961e-02
4.066657945331922375e-02
4.073097461595966834e-02
4.079640207699259530e-02
4.086286390495098148e-02
4.093036228103331259e-02
4.099889949848840864e-02
4.106847796202670736e-02
4.113910018725765172e-02
4.121076880015298732e-02
4.128348653653572675e-02
4.135725624159442698e-02
4.143208086942157253e-02
4.150796348257759089e-02
4.158490725167752339e-02
4.166291545500310639e-02
4.174199147813668909e-02
4.182213881361984686e-02
4.190336106063331095e-02
4.198566192470055969e-02
4.206904521741312852e-02
4.215351485617765959e-02
4.223907486398465611e-02
4.232572936919848372e-02
4.241348260536885462e-02
4.250233891106170586e-02
4.259230272971233078e-02
4.268337860949662776e-02
4.277557120322416501e-02
4.286888526824909201e-02
4.296332566640174294e-02
4.305889736393839901e-02
4.315560543151013284e-02
4.325345504415060993e-02
4.335245148128138992e-02
4.345260012673596295e-02
4.355390646880098748e-02
4.365637610027600646e-02
4.376001471854912978e-02
4.386482812569151429e-02
4.397082222856677630e-02
4.407800303895904187e-02
4.418637667371548561e-02
4.429594935490686891e-02
4.440672741000257356e-02
4.451871727206212909e-02
4.463192547994253301e-02
4.474635867852019139e-02
4.486202361892843021e-02
4.497892715880980746e-02
4.509707626258359359e-02
4.521647800172671344e-02
4.533713955507055055e-02
4.545906820911008173e-02
4.558227135832885329e-02
4.570675650553596842e-02
4.583253126221792373e-02
4.595960334890299148e-02
4.608798059553917414e-02
4.621767094188518332e-02
4.634868243791403358e-02
4.648102324422916098e-02
4.661470163249310794e-02
4.674972598586905892e-02
4.688610479947286774e-02
4.702384668083901820e-02
4.716296035039629908e-02
4.730345464195679500e-02
4.744533850321465407e-02
4.758862099625713049e-02
4.773331129808613266e-02
4.787941870115051957e-02
4.802695261388937459e-02
4.817592256128514633e-02
4.832633818542773213e-02
4.847820924608782500e-02
4.863154562130121705e-02
4.878635730796132552e-02
4.894265442242309860e-02
4.910044720111405442e-02
4.925974600115683860e-02
4.942056130099854727e-02
4.958290370105027794e-02
4.974678392433459773e-02
4.991221281714154634e-02
5.007920134969272297e-02
5.024776061681347078e-02
5.041790183861270813e-02
5.058963636117017049e-02
5.076297565723175698e-02
5.093793132691063624e-02
5.111451509839694263e-02
5.129273882867253775e-02
5.147261450423389062e-02
5.165415424181968307e-02
5.183737028914561784e-02
5.202227502564450712e-02
5.220888096321198851e-02
5.239720074695772972e-02
5.258724715596151816e-02
5.277903310403463111e-02
5.297257164048484873e-02
5.316787595088747626e-02
5.336495935785835754e-02
5.356383532183286306e-02
5.376451744184632814e-02
5.396701945631982023e-02
5.417135524384703721e-02
5.437753882398536909e-02
5.458558435804840986e-02
5.479550614990113394e-02
5.500731864675661997e-02
5.522103643997437056e-02
5.543667426585983937e-02
5.565424700646441625e-02
5.587376969038704982e-02
5.609525749357424651e-02
5.631872574012196375e-02
5.654418990307510939e-02
5.677166560522761002e-02
5.700116861992032824e-02
5.723271487183773099e-02
5.746632043780245530e-02
5.770200154756759126e-02
5.793977458460582847e-02
5.817965608689575074e-02
5.842166274770430739e-02
5.866581141636498936e-02
5.891211909905227223e-02
5.916060295954968934e-02
5.941128032001424808e-02
5.966416866173312322e-02
5.991928562587559709e-02
6.017664901423688123e-02
6.043627678997532532e-02
6.069818707834130633e-02
6.096239816739791595e-02
6.122892850873278697e-02
6.149779671815995552e-02
6.176902157641239038e-02
6.204262202982275404e-02
6.231861719099471286e-02
6.259702633946019612e-02
6.287786892232642699e-02
6.316116455490791703e-02
6.344693302134647717e-02
6.373519427521573411e-02
6.402596844011097799e-02
6.431927581022349460e-02
6.461513685089831371e-02
6.491357219917481824e-02
6.521460266430978425e-02
6.551824922828169973e-02
6.582453304627540469e-02
6.613347544714777426e-02
6.644509793387091967e-02
6.675942218395547467e-02
6.707647004984959582e-02
6.739626355931638280e-02
6.771882491578573582e-02
6.804417649868209350e-02
6.837234086372566411e-02
6.870334074320733064e-02
6.903719904623521753e-02
6.937393885895309920e-02
6.971358344472919355e-02
7.005615624431353605e-02
7.040168087596505864e-02
7.075018113554450150e-02
7.110168099657543372e-02
7.145620461026869208e-02
7.181377630551266655e-02
7.217442058882571343e-02
7.253816214427109832e-02
7.290502583333248465e-02
7.327503669474949577e-02
7.364821994431171304e-02
7.402460097460988875e-02
7.440420535474386032e-02
7.478705882998458454e-02
7.517318732139088855e-02
7.556261692537728780e-02
7.595537391323474441e-02
7.635148473059924501e-02
7.675097599687036309e-02
7.715387450457594776e-02
7.756020721868323031e-02
7.797000127585372586e-02
7.838328398364116656e-02
7.880008281963091221e-02
7.922042543051924235e-02
7.964433963113136394e-02
8.007185340337549806e-02
8.050299489513391971e-02
8.093779241908563571e-02
8.137627445146389249e-02
8.181846963074171364e-02
8.226440675624838161e-02
8.271411478671243656e-02
8.316762283873006811e-02
8.362496018515816476e-02
8.408615625342910627e-02
8.455124062378588379e-02
8.502024302743672879e-02
8.549319334462565645e-02
8.597012160261864600e-02
8.645105797360311262e-02
8.693603277249846439e-02
8.742507645467659239e-02
8.791821961358947668e-02
8.841549297830288145e-02
8.891692741093348840e-02
8.942255390398805293e-02
8.993240357760221015e-02
9.044650767667673785e-02
9.096489756791031889e-02
9.148760473672501448e-02
9.201466078408419846e-02
9.254609742319942767e-02
9.308194647612480499e-02
9.362223987023712835e-02
9.416700963459823104e-02
9.471628789619944422e-02
9.527010687608354622e-02
9.582849888534453187e-02
9.639149632100081633e-02
9.695913166174116582e-02
9.753143746354014931e-02
9.810844635514169576e-02
9.869019103340731514e-02
9.927670425852809510e-02
9.986801884909717042e-02
1.004641676770406805e-01
1.010651836624050087e-01
1.016710997679977774e-01
1.022819489938803783e-01
1.028977643717096657e-01
1.035185789589265770e-01
1.041444258327891698e-01
1.047753380842476323e-01
1.054113488116593944e-01
1.060524911143413268e-01
1.066987980859570306e-01
1.073503028077372884e-01
1.080070383415297625e-01
1.086690377226780108e-01
1.093363339527251843e-01
1.100089599919412547e-01
1.106869487516713019e-01
1.113703330865024738e-01
1.120591457862469276e-01
1.127534195677390161e-01
1.134531870664443332e-01
1.141584808278780366e-01
1.148693332988301868e-01
1.155857768183963380e-01
1.163078436088110373e-01
1.170355657660811927e-01
1.177689752504188225e-01
1.185081038764691647e-01
1.192529833033334624e-01
1.200036450243841812e-01
1.207601203568689774e-01
1.215224404313046680e-01
1.222906361806552905e-01
1.230647383292960556e-01
1.238447773817586001e-01
1.246307836112568873e-01
1.254227870479922291e-01
1.262208174672349303e-01
1.270249043771808917e-01
1.278350770065831143e-01
1.286513642921540967e-01
1.294737948657393445e-01
1.303023970412605925e-01
1.311371988014259637e-01
1.319782277842073137e-01
1.328255112690833739e-01
1.336790761630460844e-01
1.345389489863710319e-01
1.354051558581496617e-01
1.362777224815833743e-01
1.371566741290375924e-01
1.380420356268562132e-01
1.389338313399352542e-01
1.398320851560553302e-01
1.407368204699723513e-01
1.416480601672674977e-01
1.425658266079534442e-01
1.434901416098400273e-01
1.444210264316578285e-01
1.453585017559394232e-01
1.463025876716596285e-01
1.472533036566352482e-01
1.482106685596838724e-01
1.491747005825433126e-01
1.501454172615530602e-01
1.511228354490968540e-01
1.521069712948101837e-01
1.530978402265517346e-01
1.540954569311417666e-01
1.550998353348685410e-01
1.561109885837646816e-01
1.571289290236550784e-01
1.581536681799800281e-01
1.591852167373939697e-01
1.602235845191433972e-01
1.612687804662271129e-01
1.623208126163411813e-01
1.633796880826111908e-01
1.644454130321171548e-01
1.655179926642117161e-01
1.665974311886380677e-01
1.676837318034498092e-01
1.687768966727385411e-01
1.698769269041713603e-01
1.709838225263455302e-01
1.720975824659629061e-01
1.732182045248309987e-01
1.743456853566949238e-01
1.754800204439059819e-01
1.766212040739332245e-01
1.777692293157241421e-01
1.789240879959196895e-01
1.800857706749315612e-01
1.812542666228881549e-01
1.824295637954558846e-01
1.836116488095440868e-01
1.848005069189005423e-01
1.859961219896055784e-01
1.871984764754738573e-01
1.884075513933708423e-01
1.896233262984535761e-01
1.908457792593464819e-01
1.920748868332571579e-01
1.933106240410464860e-01
1.945529643422612698e-01
1.958018796101374803e-01
1.970573401065890407e-01
1.983193144571883670e-01
1.995877696261534329e-01
2.008626708913510417e-01
2.021439818193271620e-01
2.034316642403790898e-01
2.047256782236792083e-01
2.060259820524643071e-01
2.073325321993028381e-01
2.086452833014530717e-01
2.099641881363275564e-01
2.112891975970746239e-01
2.126202606682944252e-01
2.139573244019002951e-01
2.153003338931444577e-01
2.166492322568190354e-01
2.180039606036498212e-01
2.193644580168995217e-01
2.207306615291924623e-01
2.221025060995817924e-01
2.234799245908716536e-01
2.248628477472133791e-01
2.262512041719920430e-01
2.276449203060215143e-01
2.290439204060619738e-01
2.304481265236847654e-01
2.318574584844941000e-01
2.332718338677311487e-01
2.346911679862754840e-01
2.361153738670620506e-01
2.375443622319366177e-01
2.389780414789631491e-01
2.404163176642089284e-01
2.418590944840218748e-01
2.433062732578227527e-01
2.447577529114314254e-01
2.462134299609486654e-01
2.476731984972104228e-01
2.491369501708405043e-01
2.506045741779171498e-01
2.520759572462779596e-01
2.535509836224816294e-01
2.550295350594508070e-01
2.565114908048131137e-01
2.579967275899646140e-01
2.594851196198766918e-01
2.609765385636672042e-01
2.624708535459561176e-01
2.639679311390306093e-01
2.654676353558372837e-01
2.669698276438259299e-01
2.684743668796644167e-01
2.699811093648474269e-01
2.714899088222191281e-01
2.730006163934339258e-01
2.745130806373716204e-01
2.760271475295345556e-01
2.775426604624415261e-01
2.790594602470441443e-01
2.805773851151841525e-01
2.820962707231116640e-01
2.836159501560878149e-01
2.851362539340872027e-01
2.866570100186264791e-01
2.881780438207308670e-01
2.896991782100659663e-01
2.912202335252485064e-01
2.927410275853559174e-01
2.942613757026564802e-01
2.957810906965722131e-01
2.972999829088994184e-01
2.988178602202952727e-01
3.003345280680576046e-01
3.018497894652054092e-01
3.033634450208811395e-01
3.048752929620877627e-01
3.063851291567774582e-01
3.078927471383048897e-01
3.093979381312576549e-01
3.109004910786815623e-01
3.124001926707072885e-01
3.138968273745960103e-01
3.153901774662097868e-01
3.168800230629227332e-01
3.183661421579795370e-01
3.198483106563087541e-01
3.213263024118045985e-01
3.227998892660812746e-01
3.242688410887041295e-01
3.257329258189095023e-01
3.271919095088148266e-01
3.286455563681218717e-01
3.300936288103201166e-01
3.315358875003893702e-01
3.329720914040045221e-01
3.344019978382440361e-01
3.358253625237976880e-01
3.372419396386778789e-01
3.386514818734253085e-01
3.400537404878124503e-01
3.414484653690335603e-01
3.428354050913811624e-01
3.442143069773967445e-01
3.455849171604938874e-01
3.469469806490386166e-01
3.483002413918803164e-01
3.496444423453232697e-01
3.509793255415213364e-01
3.523046321582866680e-01
3.536201025902946382e-01
3.549254765216717789e-01
3.562204929999454595e-01
3.575048905113417108e-01
3.587784070574044915e-01
3.600407802329256834e-01
3.612917473051506789e-01
3.625310452942472339e-01
3.637584110550082239e-01
3.649735813597588807e-01
3.661762929824488033e-01
3.673662827838933831e-01
3.685432877981386079e-01
3.697070453199171602e-01
3.708572929931625572e-01
3.719937689005489712e-01
3.731162116540220341e-01
3.742243604862826589e-01
3.753179553431882365e-01
3.763967369770347959e-01
3.774604470406727752e-01
3.785088281824262046e-01
3.795416241417620129e-01
3.805585798456779245e-01
3.815594415057520505e-01
3.825439567158189780e-01
3.835118745502201776e-01
3.844629456625817121e-01
3.853969223850712833e-01
3.863135588280852128e-01
3.872126109803122329e-01
3.880938368091243484e-01
3.889569963612401482e-01
3.898018518636086061e-01
3.906281678244561406e-01
3.914357111344453632e-01
3.922242511678825649e-01
3.929935598839240374e-01
3.937434119277176126e-01
3.944735847314240762e-01
3.951838586150555610e-01
3.958740168870758525e-01
3.965438459446956054e-01
3.971931353738065718e-01
3.978216780484901127e-01
3.984292702300385458e-01
3.990157116654259872e-01
3.995808056851660184e-01
4.001243593004941701e-01
4.006461832998070016e-01
4.011460923442993209e-01
4.016239050627318785e-01
4.020794441452653634e-01
4.025125364362980851e-01
4.029230130262413945e-01
4.033107093421677281e-01
4.036754652372711027e-01
4.040171250790691171e-01
4.043355378362885055e-01
4.046305571643683541e-01
4.049020414895159181e-01
4.051498540912540358e-01
4.053738631833987971e-01
4.055739419934000223e-01
4.057499688399902604e-01
4.059018272090738066e-01
4.060294058278018925e-01
4.061325987367705448e-01
4.062113053602834922e-01
4.062654305746227212e-01
4.062948847742678948e-01
4.062995839360092343e-01
4.062794496809030154e-01
4.062344093340058415e-01
4.061643959818461158e-01
4.060693485275727599e-01
4.059492117437344394e-01
4.058039363226406127e-01
4.056334789242532768e-01
4.054378022215678889e-01
4.052168749434333361e-01
4.049706719147732614e-01
4.046991740941604521e-01
4.044023686087107605e-01
4.040802487862539816e-01
4.037328141847448260e-01
4.033600706188807949e-01
4.029620301838925944e-01
4.025387112764781672e-01
4.020901386128446497e-01
4.016163432438395464e-01
4.011173625671377585e-01
4.005932403364658168e-01
4.000440266678378931e-01
3.994697780427897693e-01
3.988705573085880030e-01
3.982464336754004131e-01
3.975974827104172271e-01
3.969237863289110102e-01
3.962254327822249955e-01
3.955025166426829886e-01
3.947551387854243976e-01
3.939834063671509012e-01
3.931874328017930798e-01
3.923673377330974543e-01
3.915232470041409285e-01
3.906552926237755741e-01
3.897636127300191933e-01
3.888483515503954879e-01
3.879096593592515352e-01
3.869476924320528477e-01
3.859626129966889918e-01
3.849545891818020316e-01
3.839237949621674417e-01
3.828704101011475291e-01
3.817946200902501697e-01
3.806966160858237802e-01
3.795765948429150050e-01
3.784347586463316926e-01
3.772713152389425284e-01
3.760864777472556764e-01
3.748804646043170652e-01
3.736534994699711176e-01
3.724058111485297751e-01
3.711376335038985008e-01
3.698492053722070017e-01
3.685407704719963484e-01
3.672125773120207270e-01
3.658648790967096720e-01
3.644979336293586725e-01
3.631120032130968900e-01
3.617073545497041520e-01
3.602842586363247945e-01
3.588429906601593999e-01
3.573838298911849454e-01
3.559070595729794118e-01
3.544129668117160792e-01
3.529018424633966755e-01
3.513739810193993174e-01
3.498296804904064694e-01
3.482692422887904149e-01
3.466929711095352862e-01
3.451011748097611576e-01
3.434941642869368539e-01
3.418722533558545829e-01
3.402357586244449394e-01
3.385849993685122183e-01
3.369202974054714139e-01
3.352419769671663996e-01
3.335503645718497223e-01
3.318457888954068347e-01
3.301285806419079205e-01
3.283990724135669170e-01
3.266575985801932203e-01
3.249044951482176202e-01
3.231400996293767314e-01
3.213647509091359100e-01
3.195787891149378113e-01
3.177825554843557998e-01
3.159763922332382013e-01
3.141606424239228867e-01
3.123356498336057885e-01
3.105017588229453951e-01
3.086593142049803840e-01
3.068086611144513198e-01
3.049501448775905343e-01
3.030841108824760544e-01
3.012109044500133614e-01
2.993308707056362428e-01
2.974443544517896831e-01
2.955517000412844486e-01
2.936532512515853122e-01
2.917493511601165213e-01
2.898403420206490111e-01
2.879265651408488003e-01
2.860083607610477974e-01
2.840860679343119588e-01
2.821600244078726893e-01
2.802305665059829920e-01
2.782980290142710311e-01
2.763627450656434559e-01
2.744250460278093162e-01
2.724852613924770295e-01
2.705437186662859039e-01
2.686007432635254544e-01
2.666566584007025731e-01
2.647117849929987998e-01
2.627664415526804187e-01
2.608209440894999620e-01
2.588756060131417458e-01
2.569307380377563454e-01
2.549866480886215370e-01
2.530436412109791089e-01
2.511020194810785755e-01
2.491620819194708680e-01
2.472241244065810362e-01
2.452884396006005940e-01
2.433553168577217152e-01
2.414250421547491920e-01
2.394978980141105329e-01
2.375741634312969197e-01
2.356541138047479333e-01
2.337380208682072469e-01
2.318261526255667448e-01
2.299187732882115864e-01
2.280161432148851697e-01
2.261185188540812130e-01
2.242261526889796908e-01
2.223392931849258458e-01
2.204581847394667393e-01
2.185830676349417301e-01
2.167141779936367363e-01
2.148517477354933702e-01
2.129960045383801626e-01
2.111471718009133303e-01
2.093054686078274496e-01
2.074711096978856806e-01
2.056443054343191357e-01
2.038252617777882580e-01
2.020141802618455884e-01
2.002112579708940354e-01
1.984166875206141156e-01
1.966306570408533905e-01
1.948533501609449325e-01
1.930849459974458004e-01
1.913256191442626319e-01
1.895755396651458979e-01
1.878348730885237849e-01
1.861037804046469790e-01
1.843824180650218136e-01
1.826709379840904535e-01
1.809694875431382965e-01
1.792782095963861566e-01
1.775972424792405802e-01
1.759267200186599434e-01
1.742667715456075184e-01
1.726175219095466840e-01
1.709790914949462226e-01
1.693515962397505459e-01
1.677351476557809029e-01
1.661298528510198602e-01
1.645358145537414718e-01
1.629531311384437020e-01
1.613818966535371102e-01
1.598222008507502456e-01
1.582741292162017921e-01
1.567377630030988012e-01
1.552131792660118581e-01
1.537004508966837713e-01
1.521996466613212418e-01
1.507108312393285465e-01
1.492340652634286391e-01
1.477694053611302571e-01
1.463169041974899387e-01
1.448766105191205689e-01
1.434485691994026035e-01
1.420328212848427640e-01
1.406294040425397907e-01
1.392383510087024101e-01
1.378596920381759128e-01
1.364934533549256035e-01
1.351396576034348818e-01
1.337983239009617187e-01
1.324694678906144230e-01
1.311531017951943490e-01
1.298492344717600833e-01
1.285578714668669242e-01
1.272790150724336933e-01
1.260126643821940506e-01
1.247588153486826751e-01
1.235174608407160479e-01
1.222885907013182283e-01
1.210721918060531227e-01
1.198682481217149542e-01
1.186767407653374767e-01
1.174976480634770809e-01
1.163309456117316287e-01
1.151766063344502877e-01
1.140346005445959515e-01
1.129048960037217497e-01
1.117874579820208186e-01
1.106822493184124179e-01
1.095892304806260764e-01
1.085083596252490318e-01
1.074395926576993260e-01
1.063828832920906131e-01
1.053381831109536926e-01
1.043054416247836957e-01
1.032846063313763718e-01
1.022756227749272995e-01
1.012784346048576783e-01
1.002929836343408182e-01
9.931920989849978010e-02
9.835705171224491672e-02
9.740644572772957921e-02
9.646732699139176637e-02
9.553962900056127416e-02
9.462328375960381288e-02
9.371822183558220498e-02
9.282437241340814327e-02
9.194166335046591310e-02
9.107002123068480559e-02
9.020937141804184767e-02
8.935963810947418484e-02
8.852074438718374183e-02
8.769261227031736883e-02
8.687516276600354415e-02
8.606831591973289342e-02
8.527199086506526138e-02
8.448610587265148464e-02
8.371057839855397531e-02
8.294532513185762235e-02
8.219026204155532866e-02
8.144530442270057902e-02
8.071036694181563109e-02
7.998536368154696152e-02
7.927020818455932094e-02
7.856481349666040448e-02
7.786909220915028129e-02
7.718295650038828337e-02
7.650631817657371769e-02
7.583908871173336563e-02
7.518117928691424312e-02
7.453250082857640346e-02
7.389296404618432568e-02
7.326247946899419605e-02
7.264095748203663883e-02
7.202830836129250902e-02
7.142444230806364869e-02
7.082926948253756572e-02
7.024270003654710381e-02
6.966464414552821227e-02
6.909501203967494121e-02
6.853371403429822650e-02
6.798066055938742358e-02
6.743576218838159830e-02
6.689892966615179626e-02
6.637007393620189544e-02
6.584910616708962439e-02
6.533593777807590597e-02
6.483048046400610720e-02
6.433264621943168837e-02
6.384234736197595683e-02
6.335949655495325128e-02
6.288400682924741303e-02
6.241579160445743374e-02
6.195476470931829405e-02
6.150084040140423730e-02
6.105393338612467163e-02
6.061395883501907028e-02
6.018083240336148665e-02
5.975447024708317040e-02
5.933478903902273532e-02
5.892170598451305918e-02
5.851513883631512952e-02
5.811500590890904955e-02
5.772122609215039196e-02
5.733371886430530667e-02
5.695240430447106456e-02
5.657720310439592892e-02
5.620803657970610545e-02
5.584482668055269078e-02
5.548749600168696727e-02
5.513596779197791481e-02
5.479016596337957234e-02
5.445001509936205769e-02
5.411544046281487746e-02
5.378636800343537111e-02
5.346272436461203814e-02
5.314443688981433656e-02
5.283143362850018648e-02
5.252364334155193437e-02
5.222099550625137337e-02
5.192342032080576181e-02
5.163084870843525492e-02
5.134321232103222082e-02
5.106044354240445865e-02
5.078247549111201964e-02
5.050924202290910797e-02
5.024067773280096322e-02
4.997671795672767314e-02
4.971729877288387500e-02
4.946235700268573898e-02
4.921183021139559355e-02
4.896565670841361573e-02
4.872377554724807019e-02
4.848612652517259730e-02
4.825265018258189514e-02
4.802328780205449010e-02
4.779798140713306664e-02
4.757667376083107164e-02
4.735930836387637621e-02
4.714582945269963493e-02
4.693618199717786155e-02
4.673031169814157587e-02
4.652816498465431327e-02
4.632968901107424597e-02
4.613483165390466767e-02
4.594354150844426332e-02
4.575576788524295113e-02
4.557146080637339280e-02
4.539057100152497914e-02
4.521304990392931156e-02
4.503884964612344527e-02
4.486792305555969973e-02
4.470022365006913467e-02
4.453570563318504788e-02
4.437432388933545968e-02
4.421603397890954551e-02
4.406079213320616972e-02
4.390855524927043951e-02
4.375928088462522486e-02
4.361292725190384773e-02
4.346945321338976931e-02
4.332881827547002684e-02
4.319098258300757553e-02
4.305590691363866962e-02
4.292355267200106267e-02
4.279388188389766923e-02
4.266685719040216179e-02
4.254244184191029177e-02
4.242059969214342224e-02
4.230129519210767269e-02
4.218449338401443482e-02
4.207015989516642990e-02
4.195826093181398431e-02
4.184876327298515247e-02
4.174163426429496754e-02
4.163684181173688686e-02
4.153435437546078995e-02
4.143414096354140763e-02
