7.955973417986475157e-03
7.954497620675751723e-03
7.953198674045645553e-03
7.952076348813775369e-03
7.951130432724679703e-03
7.950360730474207230e-03
7.949767063638323722e-03
7.949349270606082332e-03
7.949107206515379845e-03
7.949040743193873729e-03
7.949149769102516888e-03
7.949434189283488203e-03
7.949893925311759049e-03
7.950528915250186512e-03
7.951339113608060435e-03
7.952324491303792986e-03
7.953485035630701236e-03
7.954820750226751849e-03
7.956331655047289494e-03
7.958017786341690936e-03
7.959879196633793882e-03
7.961915954704747514e-03
7.964128145580659512e-03
7.966515870522378542e-03
7.969079247019721091e-03
7.971818408788472130e-03
7.974733505771205641e-03
7.977824704140741921e-03
7.981092186308066591e-03
7.984536150932584550e-03
7.988156812936559811e-03
7.991954403521987424e-03
7.995929170191522911e-03
8.000081376772778807e-03
8.004411303445197259e-03
8.008919246771141476e-03
8.013605519729681201e-03
8.018470451754015904e-03
8.023514388772063841e-03
8.028737693250836277e-03
8.034140744243065124e-03
8.039723937438573304e-03
8.045487685217924539e-03
8.051432416710134141e-03
8.057558577853091153e-03
8.063866631457776088e-03
8.070357057276099019e-03
8.077030352071423031e-03
8.083887029693315185e-03
8.090927621154911722e-03
8.098152674714597515e-03
8.105562755960350058e-03
8.113158447898390774e-03
8.120940351044244124e-03
8.128909083518581075e-03
8.137065281145675066e-03
8.145409597555998762e-03
8.153942704291941568e-03
8.162665290917463234e-03
8.171578065131650595e-03
8.180681752885148733e-03
8.189977098501279376e-03
8.199464864800106584e-03
8.209145833226828837e-03
8.219020803983645776e-03
8.229090596165651236e-03
8.239356047900523589e-03
8.249818016492200742e-03
8.260477378568444398e-03
8.271335030232519064e-03
8.282391887218841856e-03
8.293648885052521541e-03
8.305106979213668084e-03
8.316767145304909681e-03
8.328630379224136529e-03
8.340697697340793831e-03
8.352970136676855090e-03
8.365448755092071489e-03
8.378134631473677790e-03
8.391028865930539107e-03
8.404132579991946753e-03
8.417446916810851498e-03
8.430973041371931515e-03
8.444712140704363143e-03
8.458665424099030827e-03
8.472834123331378364e-03
8.487219492888128589e-03
8.501822810200001732e-03
8.516645375878715077e-03
8.531688513959622203e-03
8.546953572149254552e-03
8.562441922078301362e-03
8.578154959559802437e-03
8.594094104853015198e-03
8.610260802932482443e-03
8.626656523762913156e-03
8.643282762579812192e-03
8.660141040175437302e-03
8.677232903191441776e-03
8.694559924416457586e-03
8.712123703090586188e-03
8.729925865215516778e-03
8.747968063871139344e-03
8.766251979538336805e-03
8.784779320428344820e-03
8.803551822818498837e-03
8.822571251394980760e-03
8.841839399601850516e-03
8.861358089997349585e-03
8.881129174617001173e-03
8.901154535343784591e-03
8.921436084285987514e-03
8.941975764161546117e-03
8.962775548690802077e-03
8.983837442996214090e-03
9.005163484010297176e-03
9.026755740890821805e-03
9.048616315444707459e-03
9.070747342559753665e-03
9.093150990644472201e-03
9.115829462076823625e-03
9.138784993661113951e-03
9.162019857094094027e-03
9.185536359439361309e-03
9.209336843611602708e-03
9.233423688869290755e-03
9.257799311317474120e-03
9.282466164419550525e-03
9.307426739519349124e-03
9.332683566372613343e-03
9.358239213689034317e-03
9.384096289684354386e-03
9.410257442642972620e-03
9.436725361491414901e-03
9.463502776382410123e-03
9.490592459290497079e-03
9.517997224618242672e-03
9.545719929814965726e-03
9.573763476006103348e-03
9.602130808635563411e-03
9.630824918119364891e-03
9.659848840512571394e-03
9.689205658188079773e-03
9.718898500528873677e-03
9.748930544633351708e-03
9.779305016033681616e-03
9.810025189428554435e-03
9.841094389428959449e-03
9.872515991319205653e-03
9.904293421831408123e-03
9.936430159935658035e-03
9.968929737644523226e-03
1.000179574083357933e-02
1.003503181007695845e-02
1.006864164149944528e-02
1.010262898764456053e-02
1.013699765835927684e-02
1.017175152169593269e-02
1.020689450483107212e-02
1.024243059500232547e-02
1.027836384046283170e-02
1.031469835145471144e-02
1.035143830120034865e-02
1.038858792691372927e-02
1.042615153083052866e-02
1.046413348125857685e-02
1.050253821364839635e-02
1.054137023168449407e-02
1.058063410839784647e-02
1.062033448729990913e-02
1.066047608353869539e-02
1.070106368507716191e-02
1.074210215389475795e-02
1.078359642721225635e-02
1.082555151874038495e-02
1.086797251995304942e-02
1.091086460138523083e-02
1.095423301395641834e-02
1.099808309031996209e-02
1.104242024623879916e-02
1.108724998198836950e-02
1.113257788378692673e-02
1.117840962525426876e-02
1.122475096889890937e-02
1.127160776763488220e-02
1.131898596632843236e-02
1.136689160337529814e-02
1.141533081230922640e-02
1.146430982344251101e-02
1.151383496553906247e-02
1.156391266752066979e-02
1.161454946020754574e-02
1.166575197809312930e-02
1.171752696115481614e-02
1.176988125670068962e-02
1.182282182125296739e-02
1.187635572246983906e-02
1.193049014110521971e-02
1.198523237300847498e-02
1.204058983116382091e-02
1.209657004777159144e-02
1.215318067637048867e-02
1.221042949400395934e-02
1.226832440342924026e-02
1.232687343537183962e-02
1.238608475082580464e-02
1.244596664340024209e-02
1.250652754171400691e-02
1.256777601183890238e-02
1.262972075979301896e-02
1.269237063408444090e-02
1.275573462830776120e-02
1.281982188379281531e-02
1.288464169230863626e-02
1.295020349882208648e-02
1.301651690431393678e-02
1.308359166865213745e-02
1.315143771352491643e-02
1.322006512543412102e-02
1.328948415875010926e-02
1.335970523883040460e-02
1.343073896520238959e-02
1.350259611481215150e-02
1.357528764534083644e-02
1.364882469858978362e-02
1.372321860393600941e-02
1.379848088185983007e-02
1.387462324754600886e-02
1.395165761455967671e-02
1.402959609859968926e-02
1.410845102132997873e-02
1.418823491429134498e-02
1.426896052289529891e-02
1.435064081050151097e-02
1.443328896258107980e-02
1.451691839096727263e-02
1.460154273819587283e-02
1.468717588193667149e-02
1.477383193951880766e-02
1.486152527255141763e-02
1.495027049164177405e-02
1.504008246121369546e-02
1.513097630442752743e-02
1.522296740820447761e-02
1.531607142835763637e-02
1.541030429483182182e-02
1.550568221705470907e-02
1.560222168940180593e-02
1.569993949677750411e-02
1.579885272031548646e-02
1.589897874319984653e-02
1.600033525661110137e-02
1.610294026579859802e-02
1.620681209628289585e-02
1.631196940019041808e-02
1.641843116272387673e-02
1.652621670877078494e-02
1.663534570965381418e-02
1.674583819002548740e-02
1.685771453491083371e-02
1.697099549690071416e-02
1.708570220350004443e-02
1.720185616463309683e-02
1.731947928031046455e-02
1.743859384846038404e-02
1.755922257292839850e-02
1.768138857164921335e-02
1.780511538499385607e-02
1.793042698429667473e-02
1.805734778056561005e-02
1.818590263337987317e-02
1.831611685997924094e-02
1.844801624454855613e-02
1.858162704770276175e-02
1.871697601617529697e-02
1.885409039271552373e-02
1.899299792619912886e-02
1.913372688195600496e-02
1.927630605232035985e-02
1.942076476740778671e-02
1.956713290612452708e-02
1.971544090741287475e-02
1.986571978173904546e-02
2.001800112282719687e-02
2.017231711964651009e-02
2.032870056865438563e-02
2.048718488630387954e-02
2.064780412181829727e-02
2.081059297024041507e-02
2.097558678576084967e-02
2.114282159533206404e-02
2.131233411257371646e-02
2.148416175197473757e-02
2.165834264339964316e-02
2.183491564690360695e-02
2.201392036786402329e-02
2.219539717243360077e-02
2.237938720332281750e-02
2.256593239591751093e-02
2.275507549473837834e-02
2.294686007024918095e-02
2.314133053602130882e-02
2.333853216626011196e-02
2.353851111370166421e-02
2.374131442788651736e-02
2.394699007381732858e-02
2.415558695100870901e-02
2.436715491293531613e-02
2.458174478688749179e-02
2.479940839424106536e-02
2.502019857114859760e-02
2.524416918966140150e-02
2.547137517928860229e-02
2.570187254900253154e-02
2.593571840969760914e-02
2.617297099711152902e-02
2.641368969521588547e-02
2.665793506008656139e-02
2.690576884425925977e-02
2.715725402158126328e-02
2.741245481256697480e-02
2.767143671026389695e-02
2.793426650664110333e-02
2.820101231950567985e-02
2.847174361995664232e-02
2.874653126038578463e-02
2.902544750303309370e-02
2.930856604910481514e-02
2.959596206846486222e-02
2.988771222990512302e-02
3.018389473200644435e-02
3.048458933459568740e-02
3.078987739080960365e-02
3.109984187977301098e-02
3.141456743989907291e-02
3.173414040282078463e-02
3.205864882796138210e-02
3.238818253775150452e-02
3.272283315350093397e-02
3.306269413193328732e-02
3.340786080238948574e-02
3.375843040471000756e-02
3.411450212780006014e-02
3.447617714888629586e-02
3.484355867347249669e-02
3.521675197599678092e-02
3.559586444120203114e-02
3.598100560621998734e-02
3.637228720337706833e-02
3.676982320372721574e-02
3.717372986131428636e-02
3.758412575816959950e-02
3.800113185004865002e-02
3.842487151290817360e-02
3.885547059012841448e-02
3.929305744048083859e-02
3.973776298684347785e-02
4.018972076566506429e-02
4.064906697717588641e-02
4.111594053634803902e-02
4.159048312459993207e-02
4.207283924224537036e-02
4.256315626168248600e-02
4.306158448131876260e-02
4.356827718022662083e-02
4.408339067352506219e-02
4.460708436847622693e-02
4.513952082129301518e-02
4.568086579464459424e-02
4.623128831584907145e-02
4.679096073574443709e-02
4.736005878821803600e-02
4.793876165038477022e-02
4.852725200339375738e-02
4.912571609384662474e-02
4.973434379580578962e-02
5.035332867337228430e-02
5.098286804380727788e-02
5.162316304117347404e-02
5.227441868046570073e-02
5.293684392220365104e-02
5.361065173745159507e-02
5.429605917323127723e-02
5.499328741829193068e-02
5.570256186919505387e-02
5.642411219667401584e-02
5.715817241222100054e-02
5.790498093485576397e-02
5.866478065802243486e-02
5.943781901656094990e-02
6.022434805369728666e-02
6.102462448798901679e-02
6.183890978016266804e-02
6.266747019977783606e-02
6.351057689164059383e-02
6.436850594189573449e-02
6.524153844371684274e-02
6.612996056250769472e-02
6.703406360053140722e-02
6.795414406087209314e-02
6.889050371063203115e-02
6.984344964326383298e-02
7.081329433992877842e-02
7.180035572977382097e-02
7.280495724900457044e-02
7.382742789863759592e-02
7.486810230080162554e-02
7.592732075345309806e-02
7.700542928337157644e-02
7.810277969728644798e-02
7.921972963098201925e-02
8.035664259623130634e-02
8.151388802538701850e-02
8.269184131346225819e-02
8.389088385752650756e-02
8.511140309323056430e-02
8.635379252826951013e-02
8.761845177258852091e-02
8.890578656512403144e-02
9.021620879686975680e-02
9.155013653004663576e-02
9.290799401315029404e-02
9.429021169163973037e-02
9.569722621402558527e-02
9.712948043310708213e-02
9.858742340209680766e-02
1.000715103653700283e-01
1.015822027435602654e-01
1.031199681127190904e-01
1.046852801772483743e-01
1.062786187363081031e-01
1.079004696433834565e-01
1.095513247587061867e-01
1.112316818941966323e-01
1.129420447505955216e-01
1.146829228464467665e-01
1.164548314385805000e-01
1.182582914337369923e-01
1.200938292909689287e-01
1.219619769144468235e-01
1.238632715362872200e-01
1.257982555890158893e-01
1.277674765672683899e-01
1.297714868783271525e-01
1.318108436810847828e-01
1.338861087130172045e-01
1.359978481047433851e-01
1.381466321817461929e-01
1.403330352528173453e-01
1.425576353847933797e-01
1.448210141631317283e-01
1.471237564378867491e-01
1.494664500546323549e-01
1.518496855698789338e-01
1.542740559505264286e-01
1.567401562569032125e-01
1.592485833089216651e-01
1.617999353349039993e-01
1.643948116026194839e-01
1.670338120320647712e-01
1.697175367895570330e-01
1.724465858626700321e-01
1.752215586155823346e-01
1.780430533243927693e-01
1.809116666919715899e-01
1.838279933419276202e-01
1.867926252912736340e-01
1.898061514013895390e-01
1.928691568068872098e-01
1.959822223220036019e-01
1.991459238241602148e-01
2.023608316143377939e-01
2.056275097539446151e-01
2.089465153778639062e-01
2.123183979834006585e-01
2.157436986948590429e-01
2.192229495035173947e-01
2.227566724827937383e-01
2.263453789784059256e-01
2.299895687733982119e-01
2.336897292278977134e-01
2.374463343935348247e-01
2.412598441024744467e-01
2.451307030310620749e-01
2.490593397381108409e-01
2.530461656779325330e-01
2.570915741882161543e-01
2.611959394529561607e-01
2.653596154406480667e-01
2.695829348180317497e-01
2.738662078397345878e-01
2.782097212141954046e-01
2.826137369463517235e-01
2.870784911575858800e-01
2.916041928835381714e-01
2.961910228504358589e-01
3.008391322306726012e-01
3.055486413784166966e-01
3.103196385461547968e-01
3.151521785830984079e-01
3.200462816164928448e-01
3.250019317169478561e-01
3.300190755489778582e-01
3.350976210080380824e-01
3.402374358454270942e-01
3.454383462825173501e-01
3.507001356158523930e-01
3.560225428147680837e-01
3.614052611132542170e-01
3.668479365979049334e-01
3.723501667938643456e-01
3.779114992508011972e-01
3.835314301310245311e-01
3.892094028019539298e-01
3.949448064352552024e-01
4.007369746150524215e-01
4.065851839577219740e-01
4.124886527458659913e-01
4.184465395791646114e-01
4.244579420448872931e-01
4.305218954109651386e-01
4.366373713445722560e-01
4.428032766592912561e-01
4.490184520940158075e-01
4.552816711267908545e-01
4.615916388269313830e-01
4.679469907487850411e-01
4.743462918705943498e-01
4.807880355819961760e-01
4.872706427237208926e-01
4.937924606831669561e-01
5.003517625495046417e-01
5.069467463320893597e-01
5.135755342459417117e-01
5.202361720681066837e-01
5.269266285687372875e-01
5.336447950207561242e-01
5.403884847919463441e-01
5.471554330233461272e-01
5.539432963978047075e-01
5.607496530025110060e-01
5.675720022893497863e-01
5.744077651367853754e-01
5.812542840170822345e-01
5.881088232724349663e-01
5.949685695036612820e-01
6.018306320749313709e-01
6.086920437379675919e-01
6.155497613789887579e-01
6.224006668916286511e-01
6.292415681788373627e-01
6.360692002867018857e-01
6.428802266729326531e-01
6.496712406125793038e-01
6.564387667433926321e-01
6.631792627530107564e-01
6.698891212099540304e-01
6.765646715402018341e-01
6.832021821508650339e-01
6.897978627022159914e-01
6.963478665290955272e-01
7.028482932124238136e-01
7.092951913012345289e-01
7.156845611854117939e-01
7.220123581189009654e-01
7.282744953929254361e-01
7.344668476583954275e-01
7.405852543962461176e-01
7.466255235342593721e-01
7.525834352083945467e-01
7.584547456663971454e-01
7.642351913109917128e-01
7.699204928796451464e-01
7.755063597574148870e-01
7.809884944191194389e-01
7.863625969964919138e-01
7.916243699657409261e-01
7.967695229504757615e-01
8.017937776344287171e-01
8.066928727782679553e-01
8.114625693340603574e-01
8.160986556508288414e-01
8.205969527640829542e-01
8.249533197618356128e-01
8.291636592192908051e-01
8.332239226939672783e-01
8.371301162726223488e-01
8.408783061610818343e-01
8.444646243076682213e-01
8.478852740505491425e-01
8.511365357791791375e-01
8.542147725994814200e-01
8.571164359924031695e-01
8.598380714549489490e-01
8.623763241127955226e-01
8.647279442932372939e-01
8.668897930470783608e-01
8.688588476079072143e-01
8.706322067770808637e-01
8.722070962226213808e-01
8.735808736800907415e-01
8.747510340436280840e-01
8.757152143351039086e-01
8.764711985395127192e-01
8.770169222947594712e-01
8.773504774239401227e-01
8.774701162985675262e-01
8.773742560210997521e-01
8.770614824155054112e-01
8.765305538146704878e-01
8.757804046338671933e-01
8.748101487196024983e-01
8.736190824636863583e-01
8.722066876725950157e-01
8.705726341826202086e-01
8.687167822117869420e-01
8.666391844399125022e-01
8.643400878087378336e-01
8.618199350345143728e-01
8.590793658261232091e-01
8.561192178022386523e-01
8.529405271017626022e-01
8.495445286824057085e-01
8.459326563029129220e-01
8.421065421851440247e-01
8.380680163529734550e-01
8.338191056456702999e-01
8.293620324041602876e-01
8.246992128294152735e-01
8.198332550129147078e-01
8.147669566399682317e-01
8.095033023675165529e-01
8.040454608787052093e-01
7.983967816175809862e-01
7.925607912077873296e-01
7.865411895601897019e-01
7.803418456750373933e-01
7.739667931450936456e-01
7.674202253669839546e-01
7.607064904687799167e-01
7.538300859625409744e-01
7.467956531314425828e-01
7.396079711615903829e-01
7.322719510295696566e-01
7.247926291573196789e-01
7.171751608465551930e-01
7.094248135056749893e-01
7.015469596825387733e-01
6.935470699172006093e-01
6.854307054290122991e-01
6.772035106531655302e-01
6.688712056419944263e-01
6.604395783468836045e-01
6.519144767968790832e-01
6.433018011903954836e-01
6.346074959167371521e-01
6.258375415242001250e-01
6.169979466518656919e-01
6.080947399420556509e-01
5.991339619507046743e-01
5.901216570727114696e-01
5.810638654993587338e-01
5.719666152248084057e-01
5.628359141184430259e-01
5.536777420796854532e-01
5.444980432916169955e-01
5.353027185894653206e-01
5.260976179596311697e-01
5.168885331845336495e-01
5.076811906481222270e-01
4.984812443164318707e-01
4.892942689069665896e-01
4.801257532601863054e-01
4.709810939257469409e-01
4.618655889755184374e-01
4.527844320546749457e-01
4.437427066815266552e-01
4.347453808059630886e-01
4.257973016356957352e-01
4.169031907385910007e-01
4.080676394287410247e-01
3.992951044429691732e-01
3.905899039137129547e-01
3.819562136433790056e-01
3.733980636843929890e-01
3.649193352283758851e-01
3.565237578069338498e-01
3.482149068058087993e-01
3.399962012932022382e-01
3.318709021623167388e-01
3.238421105872750227e-01
3.159127667908185888e-01
3.080856491213385118e-01
3.003633734360746099e-01
2.927483927864925617e-01
2.852429974011746472e-01
2.778493149608350365e-01
2.705693111593580613e-01
2.634047905441692650e-01
2.563573976285720701e-01
2.494286182681598463e-01
2.426197812927790853e-01
2.359320603851250975e-01
2.293664761964473719e-01
2.229238986895147323e-01
2.166050496985144347e-01
2.104105056952555175e-01
2.043407007507107853e-01
1.983959296806306893e-01
1.925763513637839264e-01
1.868819922211372442e-01
1.813127498441553520e-01
1.758683967602856502e-01
1.705485843236297094e-01
1.653528467187495854e-01
1.602806050655866399e-01
1.553311716134952170e-01
1.505037540124901096e-01
1.457974596499032882e-01
1.412113000408085350e-01
1.367441952607567901e-01
1.323949784095560522e-01
1.281624000951053499e-01
1.240451329265243735e-01
1.200417760061601308e-01
1.161508594103219938e-01
1.123708486489884001e-01
1.087001490950525728e-01
1.051371103740856433e-01
1.016800307059694680e-01
9.832716119018369838e-02
9.507671002694545459e-02
9.192684666683845207e-02
8.887570588202708954e-02
8.592139175257004768e-02
8.306198156184976811e-02
8.029552959555129321e-02
7.762007083912286776e-02
7.503362456907768097e-02
7.253419783398933063e-02
7.011978882145877834e-02
6.778839010780539354e-02
6.553799178766141209e-02
6.336658448110160657e-02
6.127216221634856214e-02
5.925272518652579395e-02
5.730628237933338420e-02
5.543085407890122746e-02
5.362447423947405006e-02
5.188519273092703776e-02
5.021107745647581527e-02
4.860021634326798512e-02
4.705071920686862419e-02
4.556071949094438189e-02
4.412837588374507458e-02
4.275187381323595354e-02
4.142942682299193685e-02
4.015927783119018629e-02
3.893970027525053140e-02
3.776899914487223675e-02
3.664551190638480616e-02
3.556760932150006271e-02
3.453369616368504036e-02
3.354221183550837315e-02
3.259163089041471062e-02
3.168046346248109407e-02
3.080725560777693509e-02
2.997058956101795665e-02
2.916908391124491129e-02
2.840139370029592242e-02
2.766621044784985800e-02
2.696226210683563482e-02
2.628831295298495949e-02
2.564316341228726343e-02
2.502564983009773758e-02
2.443464418555794937e-02
2.386905375500681520e-02
2.332782072794184480e-02
2.280992177905740229e-02
2.231436759979896906e-02
2.184020239279563583e-02
2.138650333244221033e-02
2.095237999481169150e-02
2.053697375997953420e-02
2.013945718973974078e-02
1.975903338358537750e-02
1.939493531571912649e-02
1.904642515574826722e-02
1.871279357560185971e-02
1.839335904509862077e-02
1.808746711847390373e-02
1.779448971406200758e-02
1.751382438921052914e-02
1.724489361239223140e-02
1.698714403436288323e-02
1.674004576010000925e-02
1.650309162314872805e-02
1.627579646388751383e-02
1.605769641312270249e-02
1.584834818231198317e-02
1.564732836161708204e-02
1.545423272688563159e-02
1.526867555656473939e-02
1.509028895945631506e-02
1.491872221413318919e-02
1.475364112074940143e-02
1.459472736589313702e-02
1.444167790105319212e-02
1.429420433519216875e-02
1.415203234184762501e-02
1.401490108111423660e-02
1.388256263679354431e-02
1.375478146893843040e-02
1.363133388195990683e-02
1.351200750840974435e-02
1.339660080850226150e-02
1.328492258539148985e-02
1.317679151617423029e-02
1.307203569855079281e-02
1.297049221303698749e-02
1.287200670058504838e-02
1.277643295544373878e-02
1.268363253305158748e-02
1.259347437274169895e-02
1.250583443500633170e-02
1.242059535304783358e-02
1.233764609833064643e-02
1.225688165982775912e-02
1.217820273664308763e-02
1.210151544368000959e-02
1.202673103001636670e-02
1.195376560963694497e-02
1.188253990417015640e-02
1.181297899727105569e-02
1.174501210028722556e-02
1.167857232884569191e-02
1.161359648999605969e-02
1.155002487954725522e-02
1.148780108923640533e-02
1.142687182337118537e-02
1.136718672459124772e-02
1.130869820839817790e-02
1.125136130610885493e-02
1.119513351589302569e-02
1.113997466156283790e-02
1.108584675878748413e-02
1.103271388841621167e-02
1.098054207659652885e-02
1.092929918138780924e-02
1.087895478557417486e-02
1.082948009539074462e-02
1.078084784488761959e-02
1.073303220566161099e-02
1.068600870169767077e-02
1.063975412906809255e-02
1.059424648024881455e-02
1.054946487281983002e-02
1.050538948232492865e-02
1.046200147907664323e-02
1.041928296869821212e-02
1.037721693620601363e-02
1.033578719344095849e-02
1.029497832966776855e-02
1.025477566516872462e-02
1.021516520766510214e-02
1.017613361140822306e-02
1.013766813878907991e-02
1.009975662432303564e-02
1.006238744087166112e-02
1.002554946797258942e-02
9.989232062153113184e-03
9.953425029110299360e-03
9.918118597645811385e-03
9.883303395250635573e-03
9.848970425238775042e-03
9.815111045336461643e-03
9.781716947635578710e-03
9.748780139828779057e-03
9.716292927644995178e-03
9.684247898410601116e-03
9.652637905664885470e-03
9.621456054762922080e-03
9.590695689402621571e-03
9.560350379017101136e-03
9.530413906975589849e-03
9.500880259541372511e-03
9.471743615536728708e-03
9.442998336668397344e-03
9.414638958471244559e-03
9.386660181827677710e-03
9.359056865026344971e-03
9.331824016322490950e-03
9.304956786968321750e-03
9.278450464680178603e-03
9.252300467514681243e-03
9.226502338125283989e-03
9.201051738374240244e-03
9.175944444275701412e-03
9.151176341247605275e-03
9.126743419651644693e-03
9.102641770601478319e-03
9.078867582021154375e-03
9.055417134937139220e-03
9.032286799987652992e-03
9.009473034134553304e-03
8.986972377564451248e-03
8.964781450766541940e-03
8.942896951774146133e-03
8.921315653559979547e-03
8.900034401574533419e-03
8.879050111417919472e-03
8.858359766636084154e-03
8.837960416634014355e-03
8.817849174696737111e-03
8.798023216112626360e-03
8.778479776391127226e-03
8.759216149569341511e-03
8.740229686601711651e-03
8.721517793827246803e-03
8.703077931509373144e-03
8.684907612444432365e-03
8.667004400633303296e-03
8.649365910013731909e-03
8.631989803248188084e-03
8.614873790565314923e-03
8.598015628650271247e-03
8.581413119582341834e-03
8.565064109816156873e-03
8.548966489204662747e-03
8.533118190060934999e-03
8.517517186256928774e-03
8.502161492356906380e-03
8.487049162783881842e-03
8.472178291017344251e-03
8.457547008820117534e-03
8.443153485493551727e-03
8.428995927158748971e-03
8.415072576063657717e-03
8.401381709913237003e-03
8.387921641223105435e-03
8.374690716694804804e-03
8.361687316611007836e-03
8.348909854251506182e-03
8.336356775327367907e-03
8.324026557433149981e-03
8.311917709516596781e-03
8.300028771364729996e-03
8.288358313105726252e-03
8.276904934725878155e-03
8.265667265601555486e-03
8.254643964044334689e-03
8.243833716861234326e-03
8.233235238925856736e-03
8.222847272763152485e-03
8.212668588146709511e-03
8.202697981707073385e-03
8.192934276551081321e-03
8.183376321892213423e-03
8.174022992692295958e-03
8.164873189312487137e-03
8.155925837174116122e-03
8.147179886429548740e-03
8.138634311642039057e-03
8.130288111474816629e-03
8.122140308389109303e-03
8.114189948349720752e-03
8.106436100539394368e-03
8.098877857082274062e-03
8.091514332773773119e-03
8.084344664818287479e-03
8.077368012574378739e-03
8.070583557308299433e-03
8.063990501953484033e-03
8.057588070876465364e-03
8.051375509651129830e-03
8.045352084837658138e-03
8.039517083769955746e-03
8.033869814347994326e-03
8.028409604836196992e-03
8.023135803668529978e-03
8.018047779259190530e-03
8.013144919819770520e-03
8.008426633180257270e-03
8.003892346617349704e-03
7.999541506687746217e-03
7.995373579066622841e-03
7.991388048390961688e-03
7.987584418108668177e-03
7.983962210332411907e-03
7.980520965698406285e-03
7.977260243230864176e-03
7.974179620209522271e-03
7.971278692043047912e-03
7.968557072147570280e-03
7.966014391829111252e-03
7.963650300169768451e-03
7.961464463919567386e-03
7.959456567392407533e-03
7.957626312366109303e-03
7.955973417986378013e-03
