0.00267144
0.00642718
 0.0226182
 0.0273955
 0.0424858
 0.0532228
 0.0571931
 0.0691212
 0.0757651
 0.0883353
  0.106051
  0.114298
  0.117745
  0.128172
  0.143707
  0.143229
  0.161779
  0.172041
  0.175067
  0.187283
  0.202474
  0.215382
  0.223546
  0.230318
  0.240099
  0.248879
  0.258169
  0.270551
  0.278096
  0.293424
  0.302808
  0.308913
  0.320075
  0.332632
  0.352162
   0.34632
  0.356436
  0.368352
  0.375478
   0.39084
  0.402738
  0.413323
  0.427552
  0.434187
  0.437426
  0.448385
  0.460108
  0.466048
   0.48229
  0.491566
  0.503199
  0.511899
   0.51968
  0.528118
  0.537113
  0.555889
  0.560058
  0.575588
  0.577955
  0.590102
  0.601567
  0.610865
   0.62142
  0.629347
  0.643712
   0.65127
  0.655414
  0.672543
  0.684311
  0.688626
  0.699355
  0.711105
  0.720157
  0.730054
  0.736453
  0.742703
  0.766714
  0.771919
  0.785432
  0.782406
  0.794267
  0.808836
  0.822832
  0.831689
  0.836326
  0.850623
  0.857597
  0.871183
  0.876712
  0.888086
  0.899908
  0.909602
  0.917032
  0.921287
  0.941948
  0.950724
  0.959055
  0.973431
  0.981872
  0.987601
  0.997348
   1.00747
   1.02145
   1.02046
   1.04117
   1.04901
   1.05891
   1.06694
   1.08788
   1.09329
   1.10728
   1.11368
     1.126
   1.12559
   1.14696
   1.14773
   1.15101
   1.17079
   1.17095
   1.18393
   1.19604
    1.2091
   1.22001
   1.22865
   1.23484
   1.25183
    1.2582
    1.2689
    1.2777
   1.29089
   1.30051
   1.30814
    1.3225
   1.32304
   1.33379
     1.346
    1.3622
   1.37373
   1.37188
   1.39066
    1.4007
   1.41089
   1.42127
   1.42496
   1.44174
   1.45233
   1.46948
   1.47692
   1.47733
   1.49135
   1.50052
   1.51098
   1.51901
   1.53513
   1.53993
    1.5454
   1.55769
   1.56618
   1.58162
   1.58734
   1.60044
   1.60447
   1.62033
   1.62745
   1.63782
   1.64891
   1.66682
   1.67031
   1.68395
   1.68701
   1.69503
   1.71222
   1.71468
   1.73026
   1.74087
   1.74637
   1.75739
   1.76496
   1.77534
   1.78436
   1.79769
   1.80885
   1.82634
   1.83195
   1.84119
   1.85394
   1.86237
   1.86799
   1.88078
   1.88825
    1.9046
   1.91192
   1.91806
   1.92802
   1.93585
   1.95142
   1.96439
   1.96767
   1.98936
   1.97722
   2.00368