6.96665e-05
7.20527e-05
9.10866e-05
0.000101949
6.07143e-05
5.24277e-05
0.000124359
5.10193e-05
7.10774e-05
4.80163e-05
8.95586e-05
5.95134e-05
 0.00010131
8.34852e-05
0.000200416
7.46106e-05
3.62159e-05
 0.00010789
9.06871e-05
3.56169e-05
4.46416e-05
6.87252e-05
 9.3773e-05
7.44818e-05
 8.9656e-05
2.28088e-05
3.22988e-05
 7.1904e-05
0.000119949
5.86994e-05
7.31789e-05
4.24739e-05
9.86585e-05
4.96684e-05
0.000137359
 2.9215e-05
5.39726e-05
8.99908e-05
3.33817e-05
0.000123488
6.42002e-05
0.000186425
0.000106889
6.16993e-05
5.77255e-05
 4.9956e-05
7.83008e-05
6.37916e-05
4.89963e-05
9.03654e-05
0.000131933
0.000125594
0.000125656
4.43043e-05
0.000119979
0.000117436
3.73363e-05
9.63322e-05
6.15048e-05
9.82551e-05
5.36185e-05
7.74235e-05
6.47998e-05
9.55999e-05
 8.1834e-05
9.26807e-05
4.09014e-05
5.59363e-05
8.07402e-05
0.000170757
0.000135501
5.16615e-05
0.000126203
4.41378e-05
0.000133679
7.57285e-05
9.70252e-05
8.54853e-05
4.26147e-05
4.78486e-05
0.000150785
5.14733e-05
4.73364e-05
0.000133885
5.54261e-05
7.13745e-05
0.000106399
 5.6345e-05
0.000159859
4.66366e-05
5.10196e-05
8.81158e-05
5.49952e-05
5.56935e-05
7.20102e-05
 5.7024e-05
 0.00019107
7.21888e-05
7.97743e-05
6.56775e-05
7.58133e-05
5.81783e-05
8.09926e-05
0.000109606
9.25324e-05
0.000161917
0.000101487
0.000107919
6.61419e-05
 8.1059e-05
8.84821e-05
 3.4678e-05
6.94496e-05
5.56196e-05
0.000164619
8.36019e-05
7.76755e-05
3.75752e-05
8.34386e-05
3.60825e-05
5.48756e-05
4.80122e-05
4.01081e-05
4.58517e-05
0.000164932
9.69576e-05
0.000101384
7.90088e-05
6.81449e-05
5.84364e-05
0.000101318
6.51004e-05
8.02752e-05
6.47238e-05
5.38493e-05
7.07398e-05
8.02408e-05
 4.6661e-05
9.91519e-05
 6.7279e-05
7.91164e-05
6.41193e-05
4.93772e-05
3.08309e-05
5.81572e-05
4.24145e-05
8.14657e-05
0.000148175
3.93732e-05
6.95802e-05
3.50403e-05
9.92646e-05
5.09092e-05
0.000114554
0.000150229
6.17305e-05
8.01926e-05
7.41968e-05
6.77296e-05
8.88131e-05
 6.6364e-05
4.76868e-05
6.56434e-05
3.92295e-05
7.37041e-05
9.23486e-05
5.57337e-05
4.86677e-05
5.85661e-05
0.000192066
 0.00010011
4.59057e-05
8.21859e-05
5.71273e-05
5.97635e-05
5.95269e-05
0.000179168
0.000114486
 4.5706e-05
 6.9128e-05
7.29621e-05
5.12128e-05
4.94852e-05
6.55118e-05
7.95219e-05
6.39612e-05
6.50078e-05
9.13765e-05
0.000108739
 8.8005e-05
6.71452e-05
3.53492e-05
5.38934e-05
8.70202e-05
 5.0703e-05
9.94559e-05
0.000102236
5.76392e-05
5.45944e-05
5.89379e-05
0.000122949