-1.02344e-07
-2.21573e-08
 1.31657e-08
 5.80584e-08
 4.33761e-08
 -1.0149e-08
-1.56273e-08
-9.92454e-08
-7.65573e-08
 4.23427e-08
 -1.0038e-08
 1.23047e-07
-1.60036e-08
-4.16063e-08
 3.98091e-08
-7.96233e-08
 6.53159e-08
-2.68151e-08
 3.50881e-08
 7.14595e-09
 2.10992e-08
-3.05018e-08
 6.28667e-08
 4.57956e-08
 3.32405e-08
 1.21721e-07
 2.75698e-08
 -3.1145e-08
 6.95739e-08
 8.26261e-08
  1.0485e-07
 7.05587e-08
 6.09125e-08
 -8.0381e-08
 3.33332e-08
-2.33886e-08
 6.95452e-08
 3.08493e-08
 2.10889e-08
 4.38129e-08
 6.25209e-09
 -2.9588e-08
 -6.3114e-08
-2.81277e-08
 7.84457e-09
 9.27165e-08
 2.37061e-08
 1.16151e-07
-9.31577e-08
-2.68462e-08
-5.31923e-08
  4.6707e-09
 1.25582e-08
-5.88461e-08
 2.72166e-08
 5.31393e-08
 1.51157e-07
-1.28481e-07
 9.57856e-08
-1.37232e-07
 5.06846e-08
 6.11388e-08
 -1.1387e-07
 5.86428e-08
-4.90341e-09
 4.23833e-08
  5.1983e-08
-9.89224e-08
-8.99921e-08
-1.08254e-09
  3.4558e-09
 4.99769e-08
 3.07924e-08
 8.97744e-08
 5.78682e-10
 3.37895e-10
 -7.0959e-08
-2.20118e-08
 2.47075e-07
 9.62143e-08
 1.10212e-07
 2.89211e-08
 7.68772e-08
 4.45113e-08
 4.13428e-08
 3.19833e-08
 1.70336e-08
 5.51108e-08
   3.349e-08
-1.14468e-07
-8.95451e-08
-4.94564e-08
 4.54192e-05
 0.000195961
  0.00138841
  0.00423504
   0.0111989
   0.0267255
   0.0552306
   0.0937804
    0.135625
    0.177951
    0.219783
    0.256038
    0.292099
    0.323531
    0.352777
    0.383661
    0.409076
    0.436522
    0.459841
    0.482846
    0.505918
     0.52426
    0.547776
    0.567597
    0.589164
    0.606783
    0.626904
    0.643755
    0.663066
    0.680128
    0.700222
    0.717031
    0.733638
      0.7494
    0.767144
    0.783414
    0.799519
     0.81635
    0.830519
    0.846958
    0.863754
    0.877519
    0.892744
    0.906758
    0.922617
    0.936357
     0.95141
    0.965616
     0.98088
    0.994782
     1.00782
     1.02245
     1.03714
     1.05083
     1.06409
     1.07723
     1.09052
     1.10534
      1.1189
     1.13178
      1.1452
     1.15766
     1.17186
     1.18472
     1.19666
     1.21004
     1.22368
     1.23746
     1.24938
     1.26213
      1.2757
     1.28735
     1.29964
     1.31261
     1.32516
     1.33793
     1.35027
     1.36376
     1.37579
     1.38693
     1.39975
     1.41168
     1.42504
     1.43618
     1.44892
     1.46056
     1.47248
     1.48531
     1.49703
     1.50935
     1.52177
     1.53305
     1.54554
     1.55742
     1.56849
     1.58049
     1.59274
     1.60473
     1.61531
       1.628
     1.63981
     1.65107
     1.66323
     1.67423
     1.68602
     1.69851
     1.70938
     1.72115
     1.73274