6.52446e-08
6.30237e-08
6.52846e-08
6.43502e-08
6.72454e-08
6.70669e-08
6.63883e-08
6.82242e-08
 6.5659e-08
6.46846e-08
6.55899e-08
 6.6138e-08
6.60211e-08
 6.6531e-08
6.73601e-08
 6.3986e-08
6.41257e-08
6.72696e-08
6.29227e-08
6.28967e-08
6.83189e-08
6.31275e-08
6.38262e-08
6.42819e-08
 6.4704e-08
6.95454e-08
6.59779e-08
6.47047e-08
6.54184e-08
6.61729e-08
6.82788e-08
6.71205e-08
6.83926e-08
6.61753e-08
6.61348e-08
6.69433e-08
6.75713e-08
 6.8691e-08
7.01342e-08
6.85782e-08
6.95594e-08
6.77992e-08
6.90181e-08
7.09378e-08
6.92633e-08
7.05383e-08
6.93213e-08
6.83758e-08
7.11577e-08
6.97033e-08
7.26363e-08
7.00163e-08
6.99554e-08
6.77664e-08
7.23494e-08
7.17273e-08
7.05958e-08
7.09966e-08
7.27108e-08
7.27775e-08
7.25412e-08
7.49366e-08
7.56875e-08
7.10958e-08
7.62656e-08
7.43698e-08
7.71833e-08
7.58687e-08
7.84156e-08
7.61625e-08
7.67899e-08
 8.0375e-08
7.73437e-08
 8.0039e-08
7.98943e-08
8.20621e-08
7.95463e-08
8.23234e-08
 8.4458e-08
8.48347e-08
8.56435e-08
8.32651e-08
8.92111e-08
8.93389e-08
9.02945e-08
9.11209e-08
9.65475e-08
9.69184e-08
1.00204e-07
9.97814e-08
1.04991e-07
1.06919e-07
1.90502e-06
  1.973e-06
3.47046e-06
8.58983e-06
1.45683e-05
1.40605e-05
2.45233e-05
4.84413e-05
2.43966e-05
4.14272e-05
5.24964e-05
2.62522e-05
4.82272e-05
1.87228e-05
2.22827e-05
1.65105e-05
3.46575e-05
2.08613e-05
1.89678e-05
3.16606e-05
1.29646e-05
1.55853e-05
 1.0375e-05
1.07406e-05
1.39834e-05
2.78596e-05
 1.1579e-05
1.73886e-05
6.91439e-06
3.48497e-05
1.45643e-05
2.23222e-05
1.09248e-05
9.73336e-06
8.90448e-06
1.18462e-05
9.88184e-06
2.05795e-05
1.14487e-05
8.67334e-06
8.68043e-06
1.32595e-05
7.12579e-06
1.62531e-05
1.16088e-05
1.35746e-05
1.63908e-05
 7.7839e-06
6.57154e-06
6.44416e-06
5.74859e-06
9.77813e-06
  1.186e-05
5.68428e-06
1.65286e-05
8.92819e-06
7.60133e-06
8.44256e-06
7.37726e-06
1.62085e-05
1.06097e-05
1.36803e-05
1.22485e-05
7.85319e-06
 8.9071e-06
9.74093e-06
 2.0813e-05
6.93174e-06
1.76103e-05
1.34475e-05
5.48115e-06
9.60573e-06
1.25679e-05
8.56056e-06
6.70019e-06
1.36451e-05
9.22716e-06
5.50162e-06
8.53322e-06
6.61387e-06
6.55344e-06
9.79683e-06
1.30527e-05
6.11702e-06
1.22753e-05
1.72245e-05
9.36318e-06
1.15557e-05
1.55467e-05
6.57979e-06
4.78488e-06
1.08968e-05
1.09143e-05
1.10703e-05
1.51315e-05
4.31487e-06
9.46088e-06
7.00288e-06
7.83917e-06
4.93345e-06
6.19507e-06
9.21784e-06
8.87463e-06
7.15458e-06
7.41796e-06
9.48442e-06
1.54056e-05
 6.3635e-06
 5.5009e-06