0.000312829
 0.00044593
0.000547705
0.000633569
0.000708105
0.000772116
0.000834621
0.000891364
0.000945659
 0.00100129
 0.00104807
   0.001103
 0.00114762
  0.0011909
 0.00123229
 0.00126483
 0.00130524
 0.00134448
 0.00138814
 0.00142011
 0.00145313
 0.00148882
 0.00152609
 0.00155557
 0.00158786
 0.00161658
 0.00164176
 0.00167045
 0.00169762
 0.00173229
  0.0017667
 0.00179253
 0.00181889
  0.0018484
 0.00187944
 0.00190389
 0.00193048
 0.00195598
 0.00198148
 0.00200518
 0.00203452
  0.0020554
 0.00208035
 0.00210166
 0.00211931
 0.00214207
 0.00216624
 0.00219232
 0.00221502
 0.00223151
 0.00225314
 0.00227554
 0.00229827
 0.00231808
 0.00233593
 0.00236073
 0.00238786
 0.00240925
 0.00243265
 0.00245185
 0.00247637
 0.00249979
 0.00252489
 0.00254836
  0.0025653
 0.00258269
 0.00259789
 0.00261871
 0.00263453
 0.00265757
 0.00268016
 0.00269766
 0.00271464
 0.00273502
 0.00275421
 0.00276925
 0.00278482
 0.00280695
 0.00282261
 0.00284021
   0.002863
 0.00287981
 0.00289438
 0.00291462
 0.00293137
 0.00294998
 0.00296676
 0.00298172
 0.00300134
 0.00301903
 0.00303663
  0.0030474
 0.00306518
 0.00308444
 0.00309737
 0.00311021
 0.00312225
 0.00313921
 0.00315745
 0.00316544
 0.00317792
 0.00318769
 0.00320548
 0.00322146
 0.00323936
 0.00325564
 0.00327009
 0.00328932
 0.00331145
 0.00332648
 0.00334375
 0.00335672
 0.00337311
 0.00339082
 0.00340302
 0.00341693
 0.00342903
 0.00343956
 0.00345658
 0.00347348
 0.00348817
 0.00350471
 0.00351123
 0.00351805
 0.00353588
 0.00355169
 0.00356687
 0.00358287
 0.00359843
  0.0036127
  0.0036282
 0.00364914
 0.00366547
  0.0036778
  0.0036882
 0.00369478
 0.00370698
 0.00372417
 0.00373929
 0.00375162
 0.00376689
 0.00378782
 0.00380434
 0.00381759
 0.00383466
 0.00385001
 0.00386673
 0.00388154
 0.00389646
 0.00390507
 0.00392183
 0.00393309
  0.0039444
 0.00395658
 0.00396853
 0.00398813
 0.00400213
 0.00401333
 0.00402634
 0.00404143
 0.00404946
 0.00405941
 0.00407477
 0.00408971
 0.00410839
 0.00412212
 0.00413304
 0.00414524
 0.00415807
 0.00416879
 0.00417775
 0.00419445
 0.00421147
 0.00422253
 0.00423203
 0.00424533
 0.00425748
 0.00427157
 0.00428659
 0.00429567
 0.00430283
 0.00430606
 0.00431729
 0.00433107
 0.00434528
 0.00435697
 0.00436567
  0.0043739
 0.00438902
 0.00440034
 0.00440874
 0.00441821
 0.00442825
 0.00444167
 0.00445776
 0.00447318
 0.00447933
 0.00449406
 0.00450575
 0.00451687
 0.00452919
 0.00453997
 0.00455003
 0.00456246
 0.00457316
 0.00458304
  0.0045959
 0.00460394
 0.00461669
 0.00463136
  0.0046336
 0.00464773
 0.00466064
  0.0046731
 0.00468746
  0.0046972
 0.00470641
 0.00471082
 0.00472501
 0.00473029
 0.00474257
 0.00474436
 0.00475315
 0.00476275
 0.00476659
 0.00477191
  0.0047807
 0.00479289
 0.00480553
 0.00481582
 0.00483138
 0.00484256
 0.00485259
 0.00486517
 0.00487714
 0.00489058
 0.00490043
 0.00490913
  0.0049171
 0.00492853
 0.00493503
 0.00494497
 0.00495253
 0.00496296
  0.0049701
 0.00497893
 0.00498783
  0.0049988
 0.00500911
 0.00501935
 0.00502575
 0.00503828
 0.00505033
  0.0050639
 0.00507309
 0.00508113
 0.00509132
 0.00509777
 0.00510267
 0.00511689
  0.0051236
 0.00513087
 0.00514226
 0.00515196
 0.00517332
 0.00517685
 0.00518355
 0.00518832
 0.00519699
  0.0052135
 0.00522277
 0.00522756
 0.00523139
 0.00524001
 0.00524748
 0.00525308
 0.00526645
 0.00527519
 0.00528721
 0.00529657
 0.00530308
 0.00531445
 0.00532033
 0.00533377
 0.00534143
 0.00534797
 0.00535964
 0.00536459
 0.00537129
 0.00537188
 0.00538037
 0.00539011
 0.00539451
 0.00540621
 0.00541921
 0.00543129
 0.00543736
 0.00545231
 0.00545894
 0.00547163
 0.00548168
 0.00549504
 0.00550253
 0.00551149
 0.00551426
 0.00552716
 0.00552892
 0.00553674
 0.00554672
 0.00555858
 0.00556556
 0.00557201
 0.00558387
 0.00558745
 0.00558792
 0.00559888
 0.00560834
 0.00561353
  0.0056199
 0.00562212
 0.00562947
 0.00563925
 0.00564551
 0.00565189
 0.00565629
 0.00566502
 0.00567716
 0.00568613
 0.00569412
 0.00570024
 0.00570774
 0.00571911
 0.00573039
 0.00573619
 0.00574644
 0.00574922
 0.00575879
 0.00577459
 0.00578886
 0.00580338
 0.00581552
 0.00582046
 0.00582439
 0.00583116
 0.00583769
 0.00584396
  0.0058575
 0.00586479
 0.00587223
 0.00587718
  0.0058885
 0.00589034
 0.00589275
 0.00590164
 0.00591049
 0.00592068
 0.00592504
 0.00593118
 0.00594386
  0.0059536
 0.00596174
 0.00597183
  0.0059707
 0.00597764
 0.00598741
 0.00599578
 0.00600353
 0.00601521
 0.00602175
 0.00602967
 0.00603841
  0.0060436
 0.00604943
 0.00605663
 0.00606117
 0.00606965
 0.00607515
  0.0060824
 0.00609258
 0.00610048
 0.00611087
 0.00611958
 0.00612479
 0.00613589
 0.00614417
 0.00615192
 0.00615992
 0.00616699
 0.00618345
 0.00618835
 0.00619509
 0.00621159
 0.00621843
 0.00622602
 0.00623414
 0.00624094
 0.00624036
 0.00625291
 0.00626076
 0.00627448
 0.00627911
 0.00629057
 0.00629172
 0.00629196
 0.00630345
 0.00631287
 0.00631955
 0.00632274
 0.00632651
 0.00633821
 0.00634887
 0.00635802
 0.00636474
  0.0063717
 0.00637676
 0.00638671
 0.00639257
 0.00640143
 0.00640391
 0.00641267
 0.00642321
 0.00642916
 0.00643855
 0.00645197
 0.00646444
 0.00647287
  0.0064785
 0.00648091
 0.00648653
 0.00649012
 0.00650324
 0.00651257
 0.00652363
 0.00653407
 0.00654438
  0.0065542
   0.006558
 0.00656471
 0.00657613
 0.00657904
 0.00658406
 0.00658928
 0.00658988
 0.00659949
 0.00660346
 0.00660882
 0.00661918
 0.00662345
 0.00662731
 0.00663895
 0.00664332
 0.00664884
 0.00664832
  0.0066541
 0.00665675
 0.00666686
 0.00667379
 0.00668101
  0.0066832
 0.00669328
 0.00669929
 0.00671024
 0.00671981
 0.00672376
 0.00673525
 0.00674123
 0.00675085
  0.0067571
 0.00676808
 0.00676952
 0.00677668
 0.00678339
 0.00679144
 0.00679622
 0.00680746
 0.00681528
 0.00681506
 0.00681829
 0.00682098
 0.00683126
 0.00684273
 0.00685503
 0.00685901
 0.00686929
 0.00687637
 0.00688031
 0.00688885
 0.00689948
  0.0069098
 0.00691139
 0.00692044
 0.00692637
 0.00694235
  0.0069508
 0.00695702
 0.00696462
 0.00697719
 0.00699044
 0.00699603
 0.00700692
 0.00701631
 0.00702681
 0.00703194
 0.00703657
 0.00704292
 0.00705108
 0.00705599
  0.0070684
 0.00707435
 0.00707766
  0.0070931
 0.00710492
 0.00711013
 0.00711557
 0.00712221
 0.00713294
 0.00714101
 0.00714845
 0.00715748
 0.00716944
 0.00717362
 0.00718099
 0.00718952
 0.00719592
 0.00720719
 0.00721541
  0.0072262
 0.00723476
 0.00724434
 0.00724918
 0.00725958
 0.00726161
 0.00726936
  0.0072751
 0.00727728
 0.00728793
 0.00729467
 0.00730273
 0.00731822
 0.00732706
 0.00733961
 0.00734597
 0.00735011
 0.00735612
 0.00736112
 0.00737146
 0.00737876
 0.00739065
 0.00739665
 0.00740213
 0.00740596
 0.00741283
 0.00741814
 0.00742558
 0.00743428
 0.00744179
 0.00744605
 0.00745612
 0.00746092
 0.00747071
 0.00747484
 0.00747808
 0.00748697
 0.00749331
 0.00750401
   0.007512
  0.0075181
 0.00752628
 0.00753235
  0.0075396
 0.00754636
 0.00755021
 0.00755232
 0.00756193
 0.00757123
 0.00757602
 0.00757822
  0.0075819
 0.00758973
  0.0075908
 0.00759923
 0.00760971
 0.00761589
 0.00761875
 0.00762153
  0.0076274
 0.00763843
 0.00764524
 0.00765391
 0.00765758
 0.00766629
 0.00767708
 0.00768839
 0.00769004
 0.00769456
 0.00770597
 0.00771288
 0.00771994
 0.00772691
 0.00773413
 0.00774121
  0.0077459
 0.00775401
 0.00776276
  0.0077752
 0.00778703
 0.00779329
 0.00780483
 0.00780871
 0.00781658
 0.00782197
 0.00782994
 0.00783304
 0.00784133
  0.0078491
 0.00785227
 0.00785289
  0.0078576
 0.00786038
 0.00786469
  0.0078723
  0.0078855
 0.00789155
 0.00789117
 0.00789895
 0.00790544
  0.0079154
 0.00792749
 0.00793246
 0.00794282
 0.00794928
 0.00795231
 0.00795734
 0.00795885
 0.00796599
 0.00797301
 0.00797918
 0.00798567
 0.00799221
 0.00799592
 0.00800505
 0.00801227
 0.00801642
 0.00802164
 0.00803677
 0.00804555
 0.00804378
 0.00804758
 0.00805662
 0.00806636
 0.00807129
 0.00807341
 0.00807444
 0.00807478
  0.0080887
 0.00809327
 0.00810163
  0.0081085
 0.00811103
 0.00811484
 0.00812207
 0.00813044
  0.0081303
 0.00813933
 0.00815221
 0.00816069
 0.00816676
 0.00817605
 0.00818251
 0.00819103
 0.00819872
 0.00820902
 0.00821815
 0.00822454
 0.00822291
 0.00823081
  0.0082373
 0.00824562
 0.00825417
 0.00825962
 0.00826538
 0.00827129
 0.00827946
 0.00829076
 0.00829864
 0.00830158
 0.00830481
 0.00830808
 0.00831643
 0.00832953
 0.00834145
 0.00834741
 0.00835436
  0.0083586
 0.00835966
 0.00837244
 0.00838039
 0.00838367
 0.00839094
 0.00839814
 0.00840882
 0.00841282
 0.00842225
 0.00842755
 0.00843405
 0.00844048
 0.00844957
 0.00844914
 0.00845728
 0.00846213
 0.00846825
 0.00847083
 0.00847844
 0.00848321
 0.00849308
 0.00850787
 0.00851862
 0.00851528
 0.00852452
 0.00853006
 0.00853974
 0.00854119
 0.00854911
 0.00855707
 0.00855751
 0.00856329
 0.00856654
 0.00857657
 0.00858315
 0.00859123
 0.00859745
 0.00860345
 0.00861276
 0.00862591
 0.00863577
 0.00864443
 0.00865854
  0.0086595
 0.00866802
 0.00866917
 0.00866964
 0.00867717
 0.00868383
 0.00869423
  0.0086938
  0.0086985
 0.00870403
 0.00871374
 0.00871276
 0.00871617
 0.00872221
 0.00872979
 0.00873499
 0.00873845
 0.00873859
 0.00874748
 0.00875792
 0.00875927
 0.00876521
 0.00877042
 0.00877825
 0.00878565
 0.00878994
 0.00879779
 0.00880277
 0.00880844
 0.00881629
 0.00882365
 0.00882692
 0.00883246
 0.00884353
 0.00885635
 0.00886408
  0.0088722
 0.00887229
 0.00887439
 0.00888481
  0.0088976
 0.00890683
 0.00891016
 0.00891837
 0.00892599
 0.00893034
 0.00893496
 0.00894299
 0.00894827
 0.00894816
 0.00895274
 0.00895532
 0.00896134
 0.00896865
  0.0089728
 0.00897817
 0.00897795
   0.008985
 0.00898769
 0.00899842
 0.00899959
 0.00900212
 0.00900421
 0.00900839
 0.00901252
 0.00901756
 0.00902104
  0.0090256
 0.00903455
 0.00904001
 0.00904577
 0.00905219
 0.00905721
 0.00905844
 0.00906309
 0.00906329
 0.00907358
 0.00907798
 0.00908286
 0.00909091
 0.00909861
 0.00911008
 0.00912164
 0.00912968
 0.00913599
 0.00914247
 0.00914635
 0.00915123
  0.0091577
 0.00916782
 0.00917155
 0.00918123
 0.00918968
 0.00919686
  0.0091982
 0.00920132
 0.00920827
  0.0092142
 0.00922131
 0.00922666
 0.00923337
  0.0092339
 0.00924469
 0.00925877
 0.00926368
 0.00926646
 0.00926855
 0.00927724
 0.00927943
  0.0092832
 0.00929262
 0.00929676
 0.00929577
 0.00930444
  0.0093073
 0.00931135
 0.00931524
 0.00932667
 0.00933685
 0.00934035
 0.00934535
 0.00935261
 0.00935727
 0.00935908
 0.00936693
 0.00937142
 0.00937837
 0.00938252
 0.00938664
 0.00939281
 0.00940228
 0.00940964
 0.00941803
 0.00942589
 0.00942609
 0.00942652
 0.00943656
 0.00944395
 0.00944726
 0.00945539
 0.00946071
 0.00945934
  0.0094639
 0.00946757
 0.00947609
 0.00948302
 0.00948998
 0.00949743
  0.0094997
 0.00951121
 0.00951042
 0.00951196
 0.00951576
 0.00952088
 0.00952239
 0.00952957
 0.00953403
 0.00953389
 0.00953827
 0.00954605
 0.00955116
 0.00955479
 0.00956424
 0.00956839
 0.00957401
 0.00958853
 0.00959486
 0.00959826
 0.00960362
 0.00960764
 0.00961567
 0.00961999
 0.00962282
 0.00962791
 0.00963425
 0.00964077
  0.0096437
 0.00964808
 0.00965035
 0.00965742
 0.00966263
 0.00966816
 0.00967064
 0.00967995
 0.00968256
 0.00968003
 0.00968184
 0.00968724
  0.0096986
 0.00970105
 0.00971053
 0.00971231
 0.00971489
 0.00972155
 0.00972637
 0.00973268
 0.00973812
 0.00974035
 0.00973868
 0.00974068
 0.00974564
 0.00975167
 0.00975489
 0.00976069
 0.00976478
 0.00977235
 0.00977452
 0.00978138
 0.00978558
 0.00979255
 0.00979698
 0.00980098
 0.00980009
 0.00980557
 0.00981289
 0.00982006
 0.00982759
 0.00982944
 0.00983628
 0.00984068
 0.00984739
 0.00984621
 0.00985127
 0.00985775
 0.00985803
 0.00986197
 0.00986322
 0.00986514
 0.00987461
 0.00987812
 0.00988496
  0.0098905
 0.00989227
 0.00989772
 0.00990622
 0.00991606
 0.00992065
 0.00992044
 0.00992434
 0.00992634
 0.00992296
 0.00992234
 0.00992361
 0.00992821
 0.00993496
 0.00993873
 0.00994272
 0.00994913
 0.00995497
 0.00996087
 0.00996572
 0.00996802
  0.0099724
 0.00997667
 0.00998382
  0.0099885
 0.00999279
   0.010003
  0.0100022
  0.0100052
  0.0100024
  0.0100003
  0.0100062