-0.000375787
 -0.00020478
-0.000306812
-0.000191914
 0.000121604
-0.000180127
 -0.00019061
-0.000600384
-0.000521805
-0.000924759
 -0.00106276
-0.000270972
-0.000272159
-0.000737249
-0.000900681
 -0.00131458
 -0.00144158
  -0.0014135
 -0.00149105
  -0.0018213
 -0.00202095
 -0.00205803
 -0.00232619
 -0.00199071
 -0.00273812
 -0.00282881
 -0.00284287
  -0.0025314
 -0.00246378
 -0.00245736
 -0.00293973
 -0.00293194
 -0.00283932
 -0.00269234
 -0.00235157
 -0.00317973
 -0.00309958
 -0.00310784
 -0.00293416
 -0.00222364
 -0.00175288
 -0.00221332
 -0.00204614
 -0.00205457
 -0.00245015
 -0.00237498
 -0.00209049
 -0.00224401
 -0.00221373
 -0.00204393
  -0.0019982
 -0.00198648
 -0.00191457
 -0.00177891
 -0.00183333
 -0.00163103
  -0.0015891
 -0.00174399
 -0.00156634
 -0.00160679
 -0.00155948
 -0.00128075
 -0.00142444
 -0.00127599
 -0.00152678
 -0.00161812
 -0.00133089
 -0.00168751
 -0.00155165
 -0.00137883
 -0.00132079
  -0.0012875
 -0.00129617
 -0.00103375
 -0.00108394
 -0.00080025
 -0.00131943
-0.000866581
-0.000650984
 -0.00104496
 -0.00116971
 -0.00119947
-0.000835385
-0.000514099
-0.000660887
-0.000933697
-0.000878578
 0.000161404
 0.000170544
-4.22822e-06
  0.00012854
 0.000506238
 0.000633694
 0.000237134
 0.000295361
  0.00121017
  0.00108106
   0.0011051
  0.00102983
 0.000895502
  0.00113836
  0.00151966
  0.00181438
  0.00189739
  0.00128761
  0.00213071
  0.00231781
  0.00205425
    0.002017
  0.00180752
  0.00148454
  0.00211388
  0.00258451
  0.00220217
  0.00190694
  0.00133548
  0.00127346
  0.00128946
 0.000868509
  0.00139354
  0.00108967
  0.00132495
   0.0011882
  0.00071331
  0.00083208
 0.000556971
 0.000765353
 0.000756269
 0.000624299
  0.00101989
  0.00127985
 0.000841588
  0.00129094
  0.00119046
  0.00162088
  0.00128864
 0.000937994
  0.00122525
 0.000627425
 0.000689369
 0.000125634
 0.000262025
 0.000439645
-8.33699e-05
 0.000529642
 0.000307861
 0.000196975
 0.000179397
 0.000447055
 0.000150433
-0.000367085
-0.000713147
 -0.00104058
  -0.0010181
 -0.00153163
 -0.00229894
 -0.00218442
 -0.00235974
 -0.00280164
 -0.00295596
 -0.00329089
  -0.0034492
 -0.00334751
 -0.00358583
   -0.003534
 -0.00379698
 -0.00425198
 -0.00451916
 -0.00422338
 -0.00462327
 -0.00486382
  -0.0047245
 -0.00456935
 -0.00475697
 -0.00501428
 -0.00458425
 -0.00521368
 -0.00527901
 -0.00513537
 -0.00561016
 -0.00583808
 -0.00572885
 -0.00594777
 -0.00590015
 -0.00612722
 -0.00618688
 -0.00612085
 -0.00612584
 -0.00605812
 -0.00592615
 -0.00611926
 -0.00611587
 -0.00657825
 -0.00704651
 -0.00680763
 -0.00698267
 -0.00672025
 -0.00675952
 -0.00617088
 -0.00600122
 -0.00596335
 -0.00630208
 -0.00572788
 -0.00569907
 -0.00575245
 -0.00576697
 -0.00569676
 -0.00574856
  -0.0050149
 -0.00550762
 -0.00517849
 -0.00511667
 -0.00488621
 -0.00525183
 -0.00527809
 -0.00502162
  -0.0044406
 -0.00452369
  -0.0044025
 -0.00501238
 -0.00497271
 -0.00495584
 -0.00466351
 -0.00440938
 -0.00423224
 -0.00425987
 -0.00387978
 -0.00357299
 -0.00361163
 -0.00343782
  -0.0036301
 -0.00330457
 -0.00295078
 -0.00313037
 -0.00310349
 -0.00294809
 -0.00289009
 -0.00268596
 -0.00322969
 -0.00325754
   -0.002861
 -0.00306142
 -0.00303961
 -0.00265108
 -0.00278438
 -0.00320723
 -0.00296473
 -0.00313428
 -0.00316728
 -0.00334516
 -0.00353731
 -0.00350825
 -0.00353392
 -0.00325138
 -0.00285652
  -0.0029816
 -0.00279828
 -0.00348632
 -0.00349466
 -0.00366101
 -0.00375716
 -0.00352767
 -0.00360346
 -0.00295557
 -0.00333849
  -0.0031385
 -0.00284911
 -0.00241194
 -0.00216265
  -0.0022699
 -0.00241765
 -0.00269042
 -0.00285232
 -0.00269417
 -0.00295089
 -0.00269087
 -0.00242823
 -0.00294506
  -0.0030784
 -0.00311239
 -0.00360623
 -0.00369135
 -0.00387443
 -0.00400201
 -0.00353265
 -0.00366245
 -0.00435761
 -0.00403773
 -0.00419033
 -0.00425225
 -0.00413249
 -0.00421186
 -0.00395668
 -0.00440114
 -0.00486831
 -0.00561349
 -0.00515397
 -0.00561933
  -0.0057129
 -0.00566383
 -0.00572241
 -0.00545513
 -0.00547713
 -0.00580066
 -0.00591169
 -0.00602113
 -0.00632308
 -0.00681499
 -0.00656622
   -0.006806
 -0.00615764
 -0.00646357
 -0.00669222
 -0.00669184
 -0.00624421
 -0.00597097
  -0.0058533
 -0.00581281
 -0.00564569
 -0.00571931
  -0.0063702
 -0.00608636
 -0.00602931
  -0.0059583
 -0.00632894
 -0.00558246
 -0.00570943
 -0.00626034
  -0.0066982
 -0.00661311
 -0.00668675
 -0.00639095
 -0.00668278
 -0.00708944
 -0.00706159
 -0.00703305
 -0.00732537
 -0.00726352
 -0.00762423
 -0.00772314
 -0.00798529
 -0.00763463
 -0.00760959
 -0.00815112
 -0.00830795
 -0.00822163
 -0.00832088
 -0.00836606
  -0.0081425
 -0.00838957
 -0.00784378
  -0.0077448
 -0.00767381
 -0.00840626
 -0.00855996
 -0.00806411
 -0.00836926
 -0.00806322
 -0.00757178
 -0.00728731
 -0.00740121
 -0.00740047
 -0.00796692
 -0.00752243
 -0.00776385
 -0.00783012
 -0.00713735
 -0.00680354
 -0.00657553
 -0.00728923
 -0.00742217
 -0.00753174
 -0.00703189
 -0.00697237
  -0.0067387
 -0.00677382
 -0.00658005
 -0.00674436
 -0.00639367
  -0.0063672
 -0.00661027
 -0.00649539
 -0.00590469
  -0.0058542
 -0.00533635
 -0.00527129
 -0.00591111
  -0.0056327
 -0.00567673
 -0.00554026
 -0.00513092
 -0.00517987
 -0.00560257
 -0.00627909
 -0.00609543
 -0.00597323
 -0.00635099
 -0.00603775
  -0.0061656
 -0.00594061
 -0.00603707
 -0.00558064
 -0.00573709
 -0.00572566
 -0.00550452
 -0.00579522
 -0.00597226
 -0.00583932
 -0.00561224
 -0.00545651
 -0.00531082
 -0.00531193
 -0.00542773
 -0.00530767
 -0.00498733
 -0.00455338
 -0.00444508
 -0.00436234
 -0.00469997
  -0.0049661
 -0.00511808
 -0.00479226
 -0.00474385
 -0.00500315
 -0.00496672
 -0.00490589
 -0.00503733
 -0.00530566
 -0.00511957
 -0.00500778
 -0.00520153
 -0.00497212
 -0.00551275
 -0.00541341
 -0.00574036
 -0.00550508
 -0.00535442
 -0.00538343
 -0.00537845
 -0.00492995
  -0.0050652
 -0.00535866
 -0.00509442
 -0.00501183
 -0.00516586
 -0.00461326
 -0.00409056
 -0.00427549
 -0.00471675
 -0.00459735
 -0.00433337
 -0.00502094
 -0.00513924
 -0.00599591
 -0.00622064
  -0.0069609
 -0.00744186
 -0.00778756
 -0.00776756
 -0.00741489
 -0.00729028
 -0.00704673
  -0.0064537
 -0.00624138
 -0.00619967
 -0.00604161
 -0.00633066
 -0.00618241
 -0.00535506
 -0.00453718
 -0.00536091
 -0.00477752
 -0.00456172
 -0.00509804
  -0.0051747
 -0.00497833
 -0.00485551
 -0.00502419
 -0.00427669
 -0.00405195
 -0.00475689
 -0.00507478
 -0.00467495
 -0.00449828
 -0.00462931
 -0.00452553
 -0.00406419
 -0.00374268
 -0.00416012
 -0.00433576
 -0.00445902
 -0.00454822
 -0.00460252
 -0.00451491
 -0.00501557
  -0.0052075
 -0.00527541
 -0.00510528
 -0.00476019
 -0.00460076
 -0.00528161
 -0.00520279
 -0.00581668
  -0.0054621
  -0.0053885
 -0.00537519
 -0.00514193
 -0.00471572
 -0.00443151
 -0.00432402
 -0.00445279
 -0.00419967
 -0.00443879
 -0.00451859
 -0.00404938
 -0.00413975
 -0.00391935
 -0.00379641
  -0.0037792
 -0.00366212
 -0.00371656
 -0.00403068
 -0.00373733
 -0.00331856
 -0.00329467
 -0.00283965
 -0.00284621
 -0.00306519
 -0.00374241
 -0.00376312
 -0.00377087
 -0.00344445
 -0.00348175
 -0.00351211
 -0.00362596
 -0.00388384
 -0.00451432
 -0.00470242
 -0.00380473
 -0.00359326
 -0.00368582
 -0.00438806
 -0.00410416
 -0.00435996
  -0.0042714
 -0.00416588
 -0.00429977
 -0.00446622
    -0.00404
 -0.00413197
 -0.00427992
 -0.00460418
 -0.00419647
 -0.00372556
 -0.00354892
 -0.00333382
 -0.00334368
 -0.00287449
 -0.00276311
 -0.00309678
 -0.00314274
 -0.00313617
 -0.00299236
 -0.00295095
 -0.00356489
 -0.00272935
 -0.00242754
 -0.00235767
 -0.00240753
 -0.00251544
 -0.00255833
 -0.00225115
 -0.00251771
 -0.00267565
 -0.00269613
  -0.0029278
 -0.00277752
 -0.00250231
 -0.00247663
  -0.0024391
 -0.00197367
 -0.00222597
 -0.00231958
 -0.00230365
 -0.00264163
 -0.00293552
 -0.00290598
 -0.00300806
 -0.00269914
 -0.00228799
  -0.0026713
 -0.00289191
 -0.00281022
 -0.00330952
 -0.00381388
 -0.00366719
 -0.00326369
 -0.00299639
 -0.00286554
 -0.00362877
 -0.00390673
 -0.00402408
 -0.00437626
 -0.00391863
 -0.00376958
 -0.00381628
 -0.00368787
 -0.00410011
 -0.00407027
 -0.00360474
 -0.00399208
 -0.00439574
 -0.00426038
 -0.00426401
 -0.00440523
 -0.00455475
  -0.0050838
 -0.00556405
 -0.00554927
 -0.00533385
 -0.00538283
 -0.00517188
 -0.00496754
 -0.00481051
 -0.00471261
 -0.00446333
  -0.0036078
 -0.00370372
 -0.00317141
 -0.00321619
 -0.00376888
 -0.00390384
 -0.00409145
 -0.00400702
 -0.00390376
 -0.00403033
  -0.0037897
 -0.00347662
  -0.0037146
 -0.00333641
 -0.00300637
 -0.00348365
 -0.00370097
 -0.00347167
 -0.00351073
 -0.00366651
 -0.00350015
  -0.0037759
 -0.00381592
 -0.00333005
 -0.00360881
 -0.00384783
 -0.00400188
 -0.00342209
 -0.00356503
 -0.00430453
 -0.00480148
 -0.00478903
 -0.00460372
 -0.00491255
 -0.00451801
 -0.00463352
  -0.0047035
 -0.00519787
 -0.00520689
 -0.00549044
 -0.00548375
 -0.00549784
 -0.00470014
 -0.00481363
 -0.00533202
 -0.00531117
 -0.00475042
  -0.0043497
  -0.0041559
 -0.00324844
 -0.00256099
 -0.00231283
 -0.00237188
 -0.00291514
 -0.00198354
 -0.00213164
 -0.00197475
 -0.00232104
 -0.00192219
 -0.00202045
 -0.00259661
 -0.00269066
 -0.00232024
 -0.00201845
 -0.00179744
 -0.00126007
 -0.00185611
 -0.00203319
 -0.00205242
 -0.00208797
 -0.00244399
 -0.00301601
 -0.00322502
   -0.003149
 -0.00343259
  -0.0039903
 -0.00441697
 -0.00441952
 -0.00405669
 -0.00386542
 -0.00383534
 -0.00355745
  -0.0036572
 -0.00417199
  -0.0042392
 -0.00415793
 -0.00352511
 -0.00263655
 -0.00230272
 -0.00242566
 -0.00278802
 -0.00272114
  -0.0026485
  -0.0024985
 -0.00281063
 -0.00301518
 -0.00343485
 -0.00364486
 -0.00320081
 -0.00335337
 -0.00318863
 -0.00322748
 -0.00323207
 -0.00263225
 -0.00224131
 -0.00221495
 -0.00271712
 -0.00262589
 -0.00239569
 -0.00274241
 -0.00244256
 -0.00264249
 -0.00237374
 -0.00214904
 -0.00250727
 -0.00278948
 -0.00293862
 -0.00275297
 -0.00214504
 -0.00209659
 -0.00243029
 -0.00186751
 -0.00247908
 -0.00276919
 -0.00243201
 -0.00232866
 -0.00235363
  -0.0027023
  -0.0023438
 -0.00213937
 -0.00237941
 -0.00216819
 -0.00254942
 -0.00266411
 -0.00303823
 -0.00334108
   -0.004466
 -0.00469551
 -0.00451055
 -0.00451746
 -0.00390648
 -0.00434728
 -0.00428423
 -0.00462418
   -0.004506
 -0.00530933
 -0.00508886
 -0.00513623
 -0.00478589
 -0.00466619
 -0.00454059
 -0.00426825
  -0.0045008
 -0.00456278
 -0.00418137
 -0.00398109
 -0.00372734
 -0.00323796
 -0.00303881
 -0.00383387
 -0.00397451
 -0.00389731
 -0.00337347
 -0.00323298
 -0.00312224
 -0.00348822
 -0.00377953
 -0.00417669
 -0.00498112
 -0.00463603
 -0.00440277
 -0.00459345
 -0.00415695
 -0.00425874
 -0.00437907
 -0.00412271
  -0.0034717
 -0.00312046
 -0.00302203
 -0.00287767
 -0.00288947
  -0.0029971
 -0.00256986
 -0.00281468
  -0.0022992
 -0.00251292
  -0.0025472
 -0.00236519
 -0.00219169
 -0.00218054
 -0.00202373
 -0.00214937
 -0.00170406
 -0.00169525
 -0.00156666
 -0.00123151
 -0.00105619
-0.000484404
   -0.001232
 -0.00105948
-0.000861788
-0.000793433
-0.000987052
 -0.00122713
 -0.00122546
-0.000948495
-0.000827827
-0.000286994
 1.35276e-05
-3.56928e-05
-0.000223934
-0.000113846
-0.000202205
-0.000601285
-0.000763015
-0.000330112
 -0.00014195
 0.000274865
-2.80116e-05
  0.00013436
-0.000193824
-0.000111335
 0.000473251
 0.000651518
  0.00101794
  0.00122447
  0.00145954
  0.00143624
  0.00146649
  0.00146812
   0.0012224
 0.000850888
 0.000809441
 0.000388888
 0.000500443
 0.000911546
 0.000863782
  0.00106066
  0.00135799
  0.00155563
  0.00145517
  0.00178313
  0.00167659
  0.00177119
  0.00218921
  0.00176726
  0.00167486
   0.0015963
  0.00210901
  0.00199676
  0.00185484
  0.00183788
   0.0017955
  0.00209627
  0.00216495
  0.00181205
  0.00123392
 0.000629899
  0.00122171
  0.00165861
 0.000990892
 0.000817365
  0.00101882
    0.001494
  0.00120942
  0.00086277
 0.000472283
 0.000467667
 0.000875403
 0.000696103
  0.00014893
 0.000155355
 0.000143893
 0.000190218
 0.000153329
-0.000127558
 0.000121478
-0.000309515
-0.000278132
-0.000168158
 0.000228286
-0.000105783
-0.000246054
-0.000297864
-0.000204133
-0.000127217
-0.000101934
 0.000121538
-0.000224213
-0.000459843
-0.000384147
-0.000420732
 -0.00030865
-0.000225943
 -0.00023564
-0.000747836
-0.000779208
 -0.00140408
 -0.00151594
 -0.00195018
 -0.00183788
 -0.00193862
 -0.00223744
 -0.00144837
 -0.00140678
 -0.00093425
 -0.00149566
 -0.00112948
  -0.0011081
 -0.00162307
 -0.00147569
 -0.00158133
 -0.00163195
 -0.00226204
 -0.00234323
 -0.00239658
 -0.00188774
  -0.0014099
 -0.00119519
  -0.0010728
-0.000885184
-0.000734019
 -0.00116579
-0.000802272
 -0.00109388
 -0.00124938
-0.000773879
 -0.00155294
 -0.00118242
 -0.00160289
 -0.00179996
 -0.00237364
 -0.00242212
 -0.00228032
 -0.00243764
  -0.0025524
 -0.00268914
 -0.00254232
 -0.00233481
 -0.00243635
 -0.00261413
 -0.00368869
 -0.00328174
 -0.00307625
 -0.00358344
  -0.0033482
 -0.00338434
 -0.00316967
 -0.00310435
 -0.00291209
  -0.0027843
 -0.00309077
 -0.00319522
 -0.00333881
 -0.00331379
 -0.00307866
 -0.00328115
 -0.00276651
 -0.00324263
 -0.00356477
 -0.00401796
 -0.00482723
 -0.00448468
 -0.00479485
 -0.00445999
  -0.0044166
 -0.00538523
 -0.00575103
 -0.00557196
 -0.00559505
 -0.00547145
 -0.00552965
 -0.00566025
 -0.00568159