0.000978619
 0.00198853
 0.00299981
  0.0040141
 0.00501413
 0.00596164
 0.00696592
  0.0079453
  0.0089427
  0.0100259
  0.0109846
  0.0121661
  0.0131703
  0.0141825
  0.0151853
   0.015998
  0.0170364
  0.0180764
  0.0192694
  0.0201671
  0.0211158
  0.0221658
  0.0232896
  0.0241978
  0.0252131
  0.0261332
  0.0269538
   0.027904
   0.028819
  0.0300082
  0.0312123
  0.0321316
  0.0330837
  0.0341657
  0.0353231
  0.0362479
  0.0372675
  0.0382587
  0.0392624
  0.0402073
  0.0413925
  0.0422467
  0.0432787
  0.0441698
  0.0449146
  0.0458846
   0.046926
  0.0480627
  0.0490632
  0.0497966
  0.0507664
   0.051781
  0.0528202
   0.053735
  0.0545656
  0.0557304
  0.0570189
  0.0580447
  0.0591777
  0.0601155
   0.061324
  0.0624894
  0.0637507
  0.0649413
  0.0658075
  0.0667029
  0.0674904
  0.0685766
  0.0694076
  0.0706269
  0.0718324
  0.0727738
  0.0736925
  0.0748031
  0.0758565
  0.0766875
  0.0775524
  0.0787899
  0.0796713
  0.0806679
  0.0819674
  0.0829329
  0.0837745
  0.0849504
  0.0859291
  0.0870236
  0.0880166
  0.0889065
  0.0900803
  0.0911456
  0.0922113
  0.0928663
  0.0939532
  0.0951376
  0.0959372
  0.0967343
  0.0974843
  0.0985467
  0.0996949
     0.1002
   0.100992
   0.101614
   0.102751
   0.103778
   0.104935
   0.105992
   0.106935
   0.108196
   0.109657
   0.110655
   0.111807
   0.112676
   0.113778
   0.114977
   0.115805
   0.116754
   0.117583
   0.118305
   0.119479
    0.12065
   0.121673
    0.12283
   0.123287
   0.123767
   0.125025
   0.126145
   0.127226
    0.12837
   0.129487
   0.130516
   0.131638
   0.133162
   0.134357
   0.135262
   0.136028
   0.136514
   0.137417
   0.138694
   0.139823
   0.140746
   0.141894
   0.143476
    0.14473
    0.14574
   0.147046
   0.148226
   0.149516
   0.150664
   0.151824
   0.152496
   0.153807
   0.154692
   0.155583
   0.156545
   0.157493
   0.159051
    0.16017
   0.161068
   0.162114
   0.163332
   0.163981
   0.164788
   0.166037
   0.167257
   0.168789
   0.169918
   0.170821
    0.17183
   0.172895
   0.173788
   0.174536
   0.175934
   0.177365
   0.178298
     0.1791
   0.180228
   0.181261
   0.182463
   0.183748
   0.184528
   0.185143
   0.185422
    0.18639
   0.187582
   0.188815
   0.189832
    0.19059
    0.19131
   0.192635
    0.19363
    0.19437
   0.195206
   0.196094
   0.197284
   0.198716
   0.200094
   0.200644
   0.201965
   0.203017
   0.204022
   0.205136
   0.206113
   0.207028
    0.20816
   0.209138
   0.210043
   0.211223
   0.211962
   0.213138
   0.214495
   0.214703
   0.216014
   0.217215
   0.218379
   0.219723
   0.220637
   0.221503
   0.221918
   0.223258
   0.223756
    0.22492
    0.22509
   0.225924
   0.226837
   0.227204
   0.227711
   0.228551
   0.229718
   0.230931
   0.231921
   0.233422
   0.234504
   0.235477
   0.236699
   0.237865
   0.239177
   0.240142
   0.240996
   0.241779
   0.242904
   0.243545
   0.244527
   0.245275
   0.246309
   0.247019
   0.247897
   0.248784
    0.24988
   0.250912
   0.251938
   0.252581
   0.253843
   0.255058
   0.256431
   0.257363
   0.258179
   0.259215
   0.259872
   0.260373
   0.261826
   0.262513
   0.263258
   0.264428
   0.265427
   0.267632
   0.267998
   0.268692
   0.269187
   0.270087
   0.271806
   0.272773
   0.273274
   0.273674
   0.274577
   0.275361
   0.275948
   0.277355
   0.278277
   0.279546
   0.280537
   0.281227
   0.282433
   0.283059
   0.284491
   0.285308
   0.286007
   0.287257
   0.287789
   0.288508
   0.288571
   0.289484
   0.290533
   0.291008
   0.292271
   0.293678
   0.294989
   0.295649
   0.297277
   0.298001
   0.299387
   0.300488
   0.301954
   0.302779
   0.303765
    0.30407
   0.305495
    0.30569
   0.306555
   0.307661
   0.308979
   0.309754
   0.310473
   0.311796
   0.312196
   0.312248
   0.313475
   0.314535
   0.315118
   0.315832
   0.316082
   0.316909
   0.318012
   0.318718
   0.319438
   0.319936
   0.320924
   0.322302
   0.323321
    0.32423
   0.324928
   0.325784
   0.327083
   0.328374
   0.329038
   0.330216
   0.330535
   0.331637
   0.333458
   0.335109
   0.336792
   0.338202
   0.338778
   0.339236
   0.340024
   0.340786
   0.341519
   0.343104
   0.343958
    0.34483
   0.345413
   0.346744
   0.346961
   0.347245
   0.348293
   0.349339
   0.350545
   0.351061
    0.35179
   0.353294
   0.354454
   0.355424
   0.356627
   0.356493
   0.357322
   0.358491
   0.359494
   0.360423
   0.361828
   0.362615
   0.363569
   0.364624
   0.365251
   0.365956
   0.366827
   0.367378
   0.368406
   0.369075
   0.369956
   0.371195
   0.372159
   0.373428
   0.374492
   0.375131
   0.376491
   0.377508
   0.378461
   0.379446
   0.380317
   0.382351
   0.382957
   0.383792
   0.385838
   0.386688
   0.387634
   0.388645
   0.389493
   0.389421
   0.390989
   0.391972
   0.393692
   0.394273
   0.395713
   0.395857
   0.395888
   0.397335
   0.398524
   0.399367
    0.39977
   0.400248
   0.401729
   0.403081
   0.404244
   0.405099
   0.405986
    0.40663
   0.407901
   0.408649
   0.409783
     0.4101
   0.411223
   0.412576
    0.41334
   0.414549
    0.41628
    0.41789
    0.41898
   0.419709
   0.420021
   0.420751
   0.421217
   0.422921
   0.424136
   0.425577
   0.426941
   0.428289
   0.429575
   0.430073
   0.430955
   0.432455
   0.432838
   0.433499
   0.434187
   0.434265
   0.435533
   0.436057
   0.436765
   0.438136
     0.4387
   0.439212
   0.440757
   0.441336
   0.442071
   0.442002
    0.44277
   0.443124
   0.444471
   0.445395
   0.446359
   0.446652
   0.447999
   0.448804
   0.450273
   0.451558
    0.45209
   0.453636
   0.454441
    0.45574
   0.456584
    0.45807
   0.458263
   0.459233
   0.460144
   0.461236
   0.461886
   0.463415
   0.464481
    0.46445
   0.464891
   0.465258
   0.466661
   0.468229
   0.469914
   0.470461
   0.471871
   0.472845
   0.473387
   0.474563
   0.476028
   0.477453
   0.477674
   0.478924
   0.479745
   0.481963
   0.483137
   0.484002
   0.485059
   0.486812
   0.488663
   0.489445
   0.490969
   0.492286
   0.493761
   0.494481
   0.495133
   0.496027
   0.497177
    0.49787
   0.499623
   0.500465
   0.500933
   0.503121
   0.504799
    0.50554
   0.506313
   0.507259
   0.508788
   0.509941
   0.511004
   0.512295
   0.514009
   0.514608
   0.515666
   0.516891
   0.517813
   0.519436
   0.520622
   0.522179
   0.523418
   0.524805
   0.525506
   0.527015
    0.52731
   0.528436
   0.529271
   0.529588
    0.53114
   0.532122
   0.533298
   0.535563
   0.536858
   0.538699
   0.539633
   0.540241
   0.541125
   0.541862
   0.543384
   0.544461
   0.546217
   0.547104
   0.547915
   0.548483
     0.5495
   0.550288
   0.551392
   0.552685
   0.553802
   0.554436
   0.555938
   0.556654
   0.558115
   0.558732
   0.559217
   0.560547
   0.561497
   0.563101
   0.564302
   0.565219
   0.566448
   0.567362
   0.568456
   0.569475
   0.570057
   0.570375
   0.571827
   0.573235
    0.57396
   0.574295
   0.574852
    0.57604
   0.576203
   0.577482
   0.579076
   0.580018
   0.580453
   0.580877
   0.581773
   0.583456
   0.584497
   0.585823
   0.586386
   0.587721
   0.589376
   0.591113
   0.591368
   0.592063
    0.59382
   0.594886
   0.595974
   0.597051
   0.598168
   0.599264
    0.59999
   0.601246
   0.602604
   0.604537
   0.606378
   0.607353
   0.609154
    0.60976
    0.61099
   0.611832
   0.613079
   0.613566
   0.614865
   0.616084
   0.616582
    0.61668
   0.617419
   0.617856
   0.618534
   0.619731
   0.621812
   0.622766
   0.622706
   0.623935
   0.624959
   0.626536
   0.628451
   0.629239
   0.630883
   0.631911
   0.632392
   0.633193
   0.633434
    0.63457
   0.635688
   0.636674
   0.637709
   0.638754
   0.639348
   0.640808
   0.641965
   0.642629
   0.643467
   0.645896
   0.647309
   0.647024
   0.647636
   0.649092
   0.650662
   0.651458
   0.651799
   0.651967
   0.652021
   0.654271
    0.65501
   0.656364
   0.657477
   0.657887
   0.658506
   0.659681
   0.661041
   0.661018
   0.662487
   0.664585
   0.665969
   0.666959
   0.668478
   0.669534
   0.670929
    0.67219
    0.67388
    0.67538
    0.67643
   0.676163
   0.677462
   0.678531
   0.679903
   0.681313
   0.682213
   0.683165
   0.684142
   0.685495
   0.687367
   0.688675
   0.689162
   0.689698
   0.690241
    0.69163
   0.693811
   0.695799
   0.696793
   0.697953
   0.698661
   0.698839
   0.700978
    0.70231
    0.70286
   0.704079
   0.705288
   0.707083
   0.707756
   0.709344
   0.710236
   0.711332
   0.712416
   0.713953
    0.71388
   0.715256
   0.716077
   0.717112
   0.717549
    0.71884
   0.719649
   0.721323
   0.723839
   0.725669
     0.7251
   0.726675
   0.727618
   0.729272
   0.729519
   0.730873
   0.732235
    0.73231
     0.7333
   0.733857
   0.735575
   0.736705
   0.738092
   0.739161
   0.740193
   0.741797
   0.744063
   0.745765
   0.747261
   0.749703
   0.749869
   0.751346
   0.751544
   0.751626
   0.752933
   0.754089
   0.755897
   0.755822
   0.756639
   0.757602
   0.759293
   0.759122
   0.759717
   0.760769
   0.762092
   0.763001
   0.763606
    0.76363
   0.765184
   0.767012
   0.767248
   0.768289
   0.769202
   0.770577
   0.771877
   0.772631
   0.774011
   0.774888
   0.775886
    0.77727
   0.778568
   0.779146
   0.780124
   0.782081
   0.784349
   0.785719
   0.787159
   0.787175
   0.787548
   0.789398
   0.791673
   0.793317
   0.793909
   0.795373
   0.796733
   0.797509
   0.798335
   0.799772
   0.800716
   0.800695
   0.801515
   0.801977
   0.803056
   0.804367
   0.805111
   0.806075
   0.806036
   0.807303
   0.807785
   0.809715
   0.809927
   0.810382
   0.810758
   0.811512
   0.812255
   0.813164
   0.813791
   0.814614
   0.816232
   0.817218
    0.81826
   0.819421
    0.82033
   0.820553
   0.821396
   0.821432
   0.823298
   0.824097
   0.824983
   0.826447
   0.827847
   0.829935
   0.832042
   0.833511
   0.834662
   0.835848
   0.836558
    0.83745
   0.838635
    0.84049
   0.841173
    0.84295
   0.844503
   0.845822
   0.846069
   0.846643
   0.847922
   0.849015
   0.850326
   0.851313
   0.852552
    0.85265
   0.854642
   0.857247
   0.858158
   0.858672
    0.85906
   0.860672
   0.861079
   0.861779
   0.863527
   0.864298
   0.864114
   0.865727
   0.866258
   0.867012
   0.867738
   0.869868
   0.871767
   0.872422
   0.873356
   0.874713
   0.875585
   0.875924
   0.877393
   0.878236
   0.879539
   0.880316
   0.881089
   0.882249
   0.884029
   0.885414
   0.886992
   0.888474
   0.888512
   0.888594
   0.890486
   0.891882
   0.892508
   0.894044
   0.895051
   0.894791
   0.895655
   0.896348
   0.897964
   0.899276
   0.900597
   0.902012
   0.902442
    0.90463
   0.904481
   0.904773
   0.905498
   0.906472
    0.90676
   0.908127
   0.908977
    0.90895
   0.909786
    0.91127
   0.912247
   0.912939
   0.914747
    0.91554
   0.916616
   0.919399
   0.920614
   0.921266
   0.922295
   0.923067
   0.924611
   0.925441
   0.925987
   0.926967
   0.928187
   0.929444
    0.93001
   0.930855
   0.931292
   0.932657
   0.933663
   0.934733
   0.935213
   0.937015
   0.937519
    0.93703
   0.937381
   0.938426
   0.940628
   0.941104
   0.942944
    0.94329
   0.943792
   0.945085
   0.946023
    0.94725
   0.948309
   0.948743
   0.948418
   0.948808
   0.949775
   0.950952
   0.951579
    0.95271
    0.95351
   0.954988
   0.955411
   0.956755
   0.957576
    0.95894
   0.959809
   0.960592
   0.960417
   0.961492
   0.962929
   0.964335
   0.965815
   0.966179
   0.967525
   0.968391
    0.96971
   0.969478
   0.970476
   0.971752
   0.971808
   0.972584
   0.972831
    0.97321
   0.975078
   0.975773
   0.977125
   0.978219
    0.97857
   0.979649
   0.981332
   0.983282
   0.984193
   0.984152
   0.984926
   0.985322
   0.984652
   0.984528
   0.984781
   0.985694
   0.987035
   0.987784
   0.988577
   0.989851
   0.991014
    0.99219
   0.993156
   0.993614
   0.994487
   0.995339
   0.996767
   0.997701
   0.998559
     1.0006
    1.00043
    1.00105
    1.00047
    1.00006
    1.00124