1.38162e-05
2.82719e-05
 4.3041e-05
5.77151e-05
7.15096e-05
8.49118e-05
9.89556e-05
0.000111772
0.000126008
0.000140388
0.000155049
0.000172252
0.000186376
0.000201994
0.000214954
0.000226958
0.000242481
0.000257527
0.000276149
0.000290411
0.000301719
0.000315408
0.000331453
0.000346634
0.000362063
0.000373848
0.000388565
0.000401821
0.000413199
0.000432548
0.000447099
0.000458962
0.000473379
0.000490577
0.000505365
0.000518756
0.000535411
0.000547639
0.000562926
0.000573129
0.000588095
0.000602683
0.000618244
0.000629269
0.000637143
0.000652457
0.000671734
 0.00069206
0.000708234
0.000718765
0.000730113
0.000743001
 0.00076086
0.000773799
0.000785858
0.000799636
0.000819146
 0.00083533
0.000849719
0.000862193
0.000883344
0.000896946
0.000918049
 0.00092964
0.000945405
0.000966187
0.000974992
0.000988402
0.000997159
 0.00101595
 0.00103356
 0.00104531
 0.00106324
 0.00107549
 0.00109162
  0.0011018
 0.00111164
 0.00112673
 0.00113801
 0.00115603
  0.0011743
 0.00118762
 0.00119608
 0.00120792
 0.00122546
 0.00123764
 0.00124877
 0.00126129
 0.00127587
 0.00127977
 0.00129447
 0.00130599
 0.00132178
 0.00134088
 0.00134669
 0.00135976
 0.00136648
 0.00138569
 0.00140729
 0.00141296
 0.00142874
 0.00144367
 0.00146458
 0.00148032
 0.00149561
 0.00151595
 0.00152599
 0.00154663
 0.00156444
 0.00158072
  0.0016001
 0.00161345
 0.00162852
  0.0016391
 0.00165173
 0.00166777
 0.00168788
  0.0016979
 0.00171069
   0.001721
 0.00173425
 0.00174943
 0.00175515
 0.00176582
 0.00178146
 0.00179775
 0.00182252
 0.00183537
 0.00185194
 0.00186231
 0.00187723
 0.00189984
 0.00191647
 0.00192444
 0.00192728
 0.00193454
 0.00194597
 0.00196382
 0.00197953
 0.00199087
 0.00201185
  0.0020363
 0.00205794
 0.00207153
  0.0020878
 0.00210096
 0.00211494
 0.00213334
 0.00215352
 0.00216415
 0.00218711
 0.00219547
 0.00220505
  0.0022253
 0.00224346
 0.00226451
 0.00227871
 0.00229342
 0.00230918
 0.00232236
 0.00233101
 0.00235029
 0.00236675
 0.00238221
 0.00239838
 0.00240947
 0.00242188
 0.00243309
  0.0024453
 0.00246496
 0.00247213
 0.00249677
 0.00252445
 0.00254524
 0.00255578
  0.0025774
 0.00258892
  0.0025997
 0.00261464
 0.00262855
 0.00265032
 0.00266032
 0.00268202
 0.00270835
 0.00272607
 0.00273179
 0.00274742
  0.0027491
 0.00277364
  0.0027885
 0.00280241
 0.00281992
 0.00282895
 0.00283595
 0.00284812
 0.00286623
 0.00287015
 0.00289113
 0.00289836
  0.0029169
 0.00293643
 0.00294639
 0.00295445
 0.00296037
 0.00297728
 0.00298301
 0.00299753
 0.00300818
 0.00303028
 0.00304761
 0.00304992
 0.00306308
 0.00308893
 0.00310646
 0.00311929
 0.00313508
 0.00314817
  0.0031527
 0.00317011
 0.00318459
  0.0032007
 0.00320064
 0.00321303
 0.00323128
 0.00323048
 0.00323014
 0.00324299
 0.00325796
  0.0032775
 0.00329755
 0.00331821
 0.00333345
 0.00334392
 0.00336837
 0.00338248
 0.00340957
 0.00342554
 0.00343968
 0.00344438
 0.00346239
 0.00347141
 0.00347826
 0.00349541
 0.00350845
 0.00352514
 0.00352988
 0.00353708
 0.00354767
  0.0035637
 0.00357834
 0.00359108
 0.00360743
 0.00362783
 0.00364061
 0.00364627
 0.00366331
 0.00367621
 0.00368352
 0.00369035
 0.00371439
 0.00373138
 0.00373649
 0.00374679
 0.00376185
  0.0037845
 0.00378797
 0.00380434
 0.00380876
 0.00382248
 0.00384986
 0.00387067
 0.00388356
 0.00389313
 0.00389996
  0.0039072
 0.00391575
 0.00393195
 0.00395395
 0.00397577
 0.00398526
 0.00398478
 0.00400402
 0.00401135
 0.00403116
 0.00404115
 0.00405443
 0.00407834
 0.00409038
 0.00410321
 0.00410131
 0.00410864
  0.0041117
 0.00411451
 0.00413413
 0.00415974
 0.00418619
 0.00420452
 0.00422949
  0.0042303
 0.00425038
 0.00426435
 0.00428416
 0.00429548
 0.00430944
 0.00430197
  0.0043199
  0.0043307
 0.00434709
 0.00435803
 0.00438169
  0.0043921
  0.0043908
 0.00440426
 0.00440965
 0.00440244
 0.00441876
 0.00442238
 0.00442348
 0.00443705
 0.00444313
 0.00445404
 0.00446004
  0.0044699
  0.0044852
 0.00449157
 0.00450326
 0.00452369
 0.00453263
 0.00455154
 0.00455267
 0.00456359
 0.00457958
 0.00459307
 0.00459741
  0.0046133
 0.00462454
 0.00463566
 0.00467161
 0.00469621
 0.00471977
 0.00475125
 0.00475196
 0.00476442
 0.00477778
 0.00478307
 0.00479775
 0.00482824
  0.0048436
 0.00485226
 0.00486617
 0.00488529
 0.00488987
 0.00489686
 0.00490991
 0.00492516
 0.00493728
 0.00494863
 0.00496125
 0.00498632
 0.00500573
 0.00502257
 0.00505215
 0.00505081
 0.00506325
 0.00507919
 0.00509464
 0.00510799
 0.00512669
 0.00513034
 0.00514919
 0.00515303
 0.00516554
  0.0051774
 0.00518463
 0.00518744
 0.00521439
 0.00520897
 0.00521877
 0.00524299
   0.005255
 0.00526617
 0.00528253
 0.00530467
 0.00532648
 0.00534868
 0.00536316
 0.00537338
 0.00539255
 0.00540508
 0.00540717
 0.00540478
  0.0054295
 0.00542471
 0.00542889
 0.00544447
 0.00546125
  0.0054666
 0.00549531
 0.00549727
 0.00552606
 0.00553988
 0.00555807
  0.0055619
 0.00556042
 0.00558214
 0.00560226
  0.0056144
  0.0056155
 0.00560446
 0.00563168
 0.00565744
 0.00567224
 0.00568739
 0.00568829
 0.00570194
 0.00572307
 0.00574008
 0.00576092
 0.00577954
 0.00579727
 0.00582318
 0.00583565
 0.00583981
 0.00586218
 0.00588899
 0.00589458
 0.00589915
 0.00590432
 0.00591139
 0.00591859
 0.00594117
 0.00595099
  0.0059628
 0.00598634
 0.00601743
 0.00604296
 0.00604798
 0.00607084
 0.00609282
 0.00609799
 0.00611092
 0.00611387
  0.0061098
 0.00613101
 0.00614401
 0.00615075
 0.00617263
 0.00619174
 0.00619689
 0.00622831
 0.00622915
 0.00623372
 0.00623187
 0.00624094
 0.00624724
 0.00625805
 0.00627588
 0.00628738
 0.00627979
 0.00630426
 0.00631778
 0.00633294
 0.00634884
 0.00636234
 0.00638103
 0.00639964
 0.00642589
 0.00643952
 0.00645123
 0.00643995
 0.00644403
  0.0064582
 0.00648369
 0.00648801
 0.00651758
 0.00653319
 0.00652974
 0.00652951
 0.00653841
 0.00656404
  0.0065891
 0.00660712
 0.00661332
 0.00663074
 0.00664244
 0.00665288
 0.00667375
 0.00670475
 0.00672457
 0.00673246
 0.00675321
 0.00677754
 0.00680535
 0.00682204
 0.00683159
 0.00682795
 0.00684846
 0.00688276
 0.00690112
 0.00691454
 0.00694115
 0.00695313
 0.00695684
 0.00695622
 0.00696399
 0.00698779
 0.00698896
 0.00701224
 0.00702429
 0.00704452
 0.00706957
 0.00709884
 0.00710386
 0.00710916
 0.00713557
 0.00714797
 0.00716146
 0.00716883
 0.00719516
 0.00722659
 0.00723597
 0.00724389
 0.00724876
 0.00725167
 0.00728343
  0.0073097
  0.0073241
 0.00733936
 0.00737063
  0.0073732
 0.00741015
 0.00742874
 0.00745321
 0.00746621
 0.00746726
 0.00748777
 0.00750105
 0.00752311
 0.00755726
 0.00756661
 0.00758979
 0.00761645
 0.00762558
 0.00764692
 0.00765517
 0.00766368
 0.00766588
 0.00769534
  0.0077108
 0.00772812
 0.00772525
 0.00774301
 0.00776056
 0.00778041
 0.00780023
 0.00782263
 0.00784571
 0.00786005
 0.00787265
 0.00789948
 0.00792705
 0.00793404
 0.00794643
 0.00794499
 0.00796997
 0.00798628
 0.00798265
 0.00799859
   0.008008
 0.00801414
 0.00802023
 0.00802821
 0.00803542
 0.00804842
 0.00806123
 0.00806633
 0.00806014
  0.0080592
 0.00808158
 0.00810136
  0.0081176
 0.00813506
 0.00815225
 0.00815136
 0.00815668
 0.00816773
 0.00819612
 0.00822169
 0.00823594
 0.00823773
  0.0082503
 0.00828549
 0.00829491
 0.00828806
 0.00830105
 0.00831302
 0.00832278
 0.00833201
 0.00834348
 0.00835221
 0.00837129
 0.00838663
 0.00841526
 0.00844024
 0.00846929
 0.00849224
  0.0085047
 0.00853809
  0.0085512
 0.00857428
 0.00858776
 0.00862218
 0.00861474
 0.00863217
 0.00864379
 0.00865381
 0.00866011
 0.00867455
 0.00868231
 0.00868215
 0.00870755
 0.00872868
 0.00874772
 0.00875273
 0.00877255
 0.00879424
 0.00881694
 0.00885019
 0.00886432
 0.00888587
 0.00891913
 0.00892599
 0.00892825
 0.00893193
 0.00894703
 0.00897055
 0.00896481
 0.00896015
 0.00896938
 0.00896872
 0.00899464
 0.00900885
 0.00902302
 0.00903003
 0.00906823
  0.0090912
 0.00907476
 0.00909732
 0.00912418
 0.00915042
 0.00917134
 0.00917305
 0.00917612
 0.00920169
 0.00922324
 0.00922581
 0.00923453
 0.00926127
 0.00926343
 0.00925225
 0.00925866
 0.00927815
 0.00928801
 0.00930552
 0.00933161
 0.00936042
 0.00936122
 0.00937483
 0.00939274
 0.00940585
 0.00943829
  0.0094615
 0.00947359
 0.00949586
 0.00949421
 0.00951342
 0.00952878
  0.0095441
 0.00957233
 0.00959068
 0.00960625
 0.00962324
 0.00965207
 0.00966919
  0.0096797
 0.00968627
 0.00967715
 0.00968257
 0.00969335
 0.00971512
 0.00974678
 0.00974973
 0.00976713
 0.00977122
  0.0097765
 0.00980189
 0.00982167
 0.00984376
 0.00985629
 0.00987653
 0.00989973
 0.00990268
  0.0099301
  0.0099518
 0.00996589
 0.00998123
  0.0100092
  0.0100145
  0.0100242
  0.0100405
  0.0100619
  0.0100636
  0.0100819
  0.0100933
   0.010125
   0.010169
  0.0102094
  0.0102028
  0.0102067
  0.0102186
  0.0102429
  0.0102503
   0.010264
  0.0102924
  0.0102878
  0.0102975
  0.0103103
  0.0103501
  0.0103753
  0.0104041
  0.0104284
  0.0104528
  0.0104745
   0.010498
  0.0105266
  0.0105547
  0.0105926
  0.0106036
  0.0106229
  0.0106351
  0.0106344
   0.010665
  0.0106798
  0.0107127
  0.0106983
  0.0107015
  0.0107098
  0.0107256
  0.0107313
  0.0107485
  0.0107644
   0.010788
  0.0108061
  0.0108102
   0.010809
  0.0108281
  0.0108528
  0.0108632
  0.0108809
  0.0108876
  0.0108975
  0.0109132
  0.0109214
   0.010938
  0.0109612
  0.0109786
  0.0109927
  0.0110115
  0.0110177
   0.011031
  0.0110529
  0.0110883
  0.0111042
  0.0111175
  0.0111153
  0.0111085
  0.0111317
  0.0111517
   0.011185
  0.0111969
  0.0112156
  0.0112451
   0.011247
  0.0112595
  0.0112851
  0.0112855
  0.0112755
  0.0112765
  0.0112832
  0.0112876
  0.0113213
  0.0113272
  0.0113441
  0.0113476
  0.0113658
  0.0113888
   0.011421
  0.0114222
  0.0114334
  0.0114304
  0.0114405
  0.0114589
  0.0114717
  0.0114858
  0.0114898
  0.0115152
  0.0115155
  0.0115387
  0.0115614
   0.011581
  0.0115879
  0.0115946
  0.0115915
  0.0116244
  0.0116393
  0.0116524
  0.0116708
   0.011697
  0.0117286
  0.0117626
  0.0117814
  0.0118021
  0.0118331
   0.011842
  0.0118524
  0.0118573
  0.0118853
  0.0118869
  0.0119359
  0.0119821
  0.0120018
  0.0119963
  0.0119978
  0.0120166
  0.0120302
  0.0120554
  0.0120667
  0.0120848
  0.0120994
  0.0121139
  0.0121512
  0.0121642
  0.0121817
   0.012192
  0.0122031
  0.0121916
  0.0121946
  0.0122099
  0.0122083
  0.0122109
  0.0122256
  0.0122283
  0.0122375
  0.0122574
  0.0123025
  0.0123349
  0.0123305
  0.0123289
  0.0123576
   0.012365
  0.0123598
  0.0123832
  0.0123974
  0.0124247
  0.0124366
  0.0124389
  0.0124673
  0.0124954
  0.0125317
  0.0125507
  0.0125586
  0.0125608
  0.0125533
   0.012588
   0.012617
  0.0126351
  0.0126778
  0.0126689
  0.0126673
  0.0126768
  0.0127063
  0.0127245
  0.0127472
  0.0127655
  0.0127746
   0.012763
  0.0127856
  0.0127886
  0.0127855
  0.0127878
  0.0128051
  0.0128059
  0.0128243
   0.012854
  0.0128598
  0.0128639
  0.0128804
  0.0128971
    0.01291
  0.0129221
  0.0129263
  0.0129579
  0.0129941
  0.0130134
  0.0130144
  0.0130251
   0.013042
  0.0130726
  0.0130998
   0.013087
  0.0130961
  0.0131172
  0.0131449
  0.0131466
  0.0131557
  0.0131505
  0.0131781
  0.0131906
  0.0131906
  0.0131949
  0.0132324
  0.0132422
  0.0132412
  0.0132446
  0.0132452
  0.0132859
  0.0132934
  0.0133383
  0.0133412
  0.0133754
  0.0133994
  0.0134105
  0.0134071
  0.0134241
  0.0134652
  0.0134868
  0.0134903
  0.0135076
  0.0135223
  0.0135386
  0.0135377
  0.0135527
  0.0135719
  0.0135801
  0.0136012
  0.0136138
  0.0136339
  0.0136448
  0.0136395
  0.0136565
  0.0136625
   0.013671
  0.0136976
  0.0137148
  0.0137283
  0.0137625
  0.0137694
  0.0137982
   0.013786
  0.0137797
  0.0137988
  0.0137954
  0.0138074
  0.0138213
  0.0138229
  0.0138373
   0.013842
  0.0138633
  0.0138818
  0.0138843
  0.0138904
  0.0139109
   0.013953
  0.0139659
  0.0139554
  0.0139654
  0.0139743
  0.0139794
  0.0139808
  0.0139943
   0.014021
  0.0140432
  0.0140704
  0.0140826
    0.01411
  0.0141273
  0.0141348
  0.0141647
   0.014177
  0.0141916
  0.0142055
  0.0142221
  0.0142581
  0.0142817
  0.0143089
  0.0143007
  0.0143017
  0.0142938
  0.0142688
   0.014301