2.061356823506357294e+00
2.067187012353049358e+00
2.073583737338616562e+00
2.080604452629619239e+00
2.088312868919194099e+00
2.096779713149116819e+00
2.106083587338500429e+00
2.116311944059971140e+00
2.127562202315494755e+00
2.139943015497469236e+00
2.153575720771396806e+00
2.168595991213448926e+00
2.185155728469150738e+00
2.203425221382143029e+00
2.223597669225852336e+00
2.245881720288700478e+00
2.270525243782221203e+00
2.297798426052361176e+00
2.328010383826240481e+00
2.361503966466179882e+00
2.398671679314429372e+00
2.439955090037732699e+00
2.485852831083930514e+00
2.536927682218851121e+00
2.593814182898681153e+00
2.657226569388744686e+00
2.727966751077812724e+00
2.806931862775679409e+00
2.895120668960375010e+00
2.993637773014188319e+00
3.103694132816520845e+00
3.226601793266777651e+00
3.363760009955572006e+00
3.516628998129177397e+00
3.686686448923155446e+00
3.875360656650742808e+00
4.083932709557239527e+00
4.313398684583991560e+00
4.564281543365328098e+00
4.836380840921239432e+00
5.128448618169719531e+00
5.437780050614312799e+00
5.759712345451413640e+00
6.087037194558851283e+00
6.409360201443129235e+00
6.712499097894640165e+00
6.978105752802947315e+00
7.183975108447116398e+00
7.305384653413680596e+00
7.318434157687589980e+00
7.205390217433616407e+00
6.961471892934969929e+00
6.600137131573534433e+00
6.153357920424726402e+00
5.664819014004366160e+00
5.178298256440075242e+00
4.727242819851495526e+00
4.330138896072999621e+00
3.992068729124548021e+00
3.709427230545776055e+00
3.474609089178023691e+00
3.279236991135689117e+00
3.115786742459009773e+00
2.979570678950341556e+00
2.863157936965041728e+00
2.763307214834462844e+00
2.678157614366921901e+00
2.603961857479663689e+00
2.539488553456818565e+00
2.482846410066049447e+00
2.433221976289372535e+00
2.389436356086026336e+00
2.351170632916400827e+00
2.316683647962854753e+00
2.285900214672427211e+00
2.258845458836199693e+00
2.234232255393262090e+00
2.212293882893536345e+00
2.192537084885396670e+00
2.174723211289327107e+00
2.158719535036758508e+00
2.144325004698608872e+00
2.131284224829776530e+00
2.121082763914905023e+00
2.108815217726078828e+00
2.100419149946171959e+00
2.091403441957384590e+00
2.083286992852725561e+00
2.075975590284070638e+00
2.069402583590555178e+00
2.063615386601859836e+00
2.058536831112306675e+00
2.054328807906647292e+00
2.051152016442601589e+00
2.049093656148825993e+00
2.048443089750894508e+00
2.049812263533957069e+00
2.051782829857938584e+00
2.055039691180081451e+00
2.058123984730430234e+00
