2.004364092282341137e+00
2.004773783584581803e+00
2.005222346181296800e+00
2.005713547390896689e+00
2.006251566911187556e+00
2.006841608100887075e+00
2.007487364732023938e+00
2.008195021733516938e+00
2.008969957069721257e+00
2.009820499483763623e+00
2.010752384386424119e+00
2.011775979006896975e+00
2.012899276627708733e+00
2.014132425859626707e+00
2.015486681079437847e+00
2.016974543755062577e+00
2.018610631811493583e+00
2.020408774281467590e+00
2.022387047804011573e+00
2.024564497881668146e+00
2.026962447323473082e+00
2.029604835465848467e+00
2.032517819537400072e+00
2.035731976333754911e+00
2.039280133115979776e+00
2.043200000716019815e+00
2.047532291451477082e+00
2.052324132774914656e+00
2.057627722884662891e+00
2.063501244349787545e+00
2.070010164494812788e+00
2.077226958046842764e+00
2.085232156386181757e+00
2.094115278461643470e+00
2.103975159869178047e+00
2.114919843350188344e+00
2.127066793389264188e+00
2.140542390634417647e+00
2.155480755363970324e+00
2.172020917791487093e+00
2.190304196029536410e+00
2.210467220064380012e+00
2.232635536546715205e+00
2.256911829420777948e+00
2.283361478254974930e+00
2.311994718218729261e+00
2.342742465157206855e+00
2.375429933085585699e+00
2.409748625354089846e+00
2.445223520573923892e+00
2.481188919871142762e+00
2.516773154413519453e+00
2.550896224109112431e+00
2.582307867747229757e+00
2.609639585193967104e+00
2.631513711219455764e+00
2.646667516832230227e+00
2.654111339719543050e+00
2.653265396571580226e+00
2.644066043510912234e+00
2.627002205971279203e+00
2.603068434100453743e+00
2.573640493730457113e+00
2.540298257265108717e+00
2.504643064048571954e+00
2.468090051033191124e+00
2.431856056754222450e+00
2.396848422022583858e+00
2.363461162558940565e+00
2.332289799425963484e+00
2.303371522635027979e+00
2.276586992865198944e+00
2.251647980209519062e+00
2.230238537515875308e+00
2.209840086255441260e+00
2.191453560976305504e+00
2.174502577837316153e+00
2.159013690613838410e+00
2.144993386443147632e+00
2.132258437351934877e+00
2.120528206915456959e+00
2.109906311458952022e+00
2.100234749920498523e+00
2.091860549985083750e+00
2.083735840392056282e+00
2.076339159730625994e+00
2.069861722355515798e+00
2.063800118723474242e+00
2.058292182774423384e+00
2.053248921162683871e+00
2.048643288208369384e+00
2.044399732246569013e+00
2.040622436986899046e+00
2.037132386242698434e+00
2.035520265713528953e+00
2.031045988114259515e+00
2.029939069160354936e+00
2.027164786282844577e+00
2.024748621268490201e+00
2.022600463904299151e+00
