1.000000000000000021e-02
1.092913671258693119e-02
1.194460292824155515e-02
1.305441983803181522e-02
1.426735391133567184e-02
1.559298614238494550e-02
1.704178773075985809e-02
1.862520279363611905e-02
2.035573876313052227e-02
2.224706518279587902e-02
2.431412168366089283e-02
2.657323599272043771e-02
2.904225290602773998e-02
3.174067524515022942e-02
3.468981791040707391e-02
3.791297624775856467e-02
4.143561005928144553e-02
4.528554471073294174e-02
4.949319092475686077e-02
5.409178499588342820e-02
5.911765132478688511e-02
6.461048934556420931e-02
7.061368711248126873e-02
7.717466402321457308e-02
8.434524538576766706e-02
9.218207178777469701e-02
1.007470465018092953e-01
1.101078244607626849e-01
1.203383466657198808e-01
1.315194242476332986e-01
1.437393767963104918e-01
1.570947299988924017e-01
1.716909780984826606e-01
1.876434171956085639e-01
2.050780559747792664e-01
2.241326110499917701e-01
2.449575947914433838e-01
2.677175042262157079e-01
2.925921204040881629e-01
3.197779284921977161e-01
3.494896698159076776e-01
3.819620381054923408e-01
4.174515333473264866e-01
4.562384878831973745e-01
4.986292807619402967e-01
5.449587578346138939e-01
5.955928767096052567e-01
6.509315974602208899e-01
7.114120419185362421e-01
7.775119465108307759e-01
8.497534359086447164e-01
9.287071473036059288e-01
1.014996737883772537e+00
1.109303811116150618e+00
1.212373300748212923e+00
1.325019355056749726e+00
1.448131767823897409e+00
1.582683006838758066e+00
1.729735895442895410e+00
1.890452007796436851e+00
2.066100844179172391e+00
2.258069858802545848e+00
2.467875419342490328e+00
2.697174784762686794e+00
2.947779196041365068e+00
3.221668183205569136e+00
3.521005201684520802e+00
3.848154721493987296e+00
4.205700904239469295e+00
4.596468015468366808e+00
5.023542733608689304e+00
5.490298531713206920e+00
6.000422324600896751e+00
6.557943591882184897e+00
7.167266206911383719e+00
7.833203223083892830e+00
8.561014892256041620e+00
9.356450215595900843e+00
1.022579235507611095e+01
1.117590826431531781e+01
1.221430293080321583e+01
1.334917865796996672e+01
1.458949985537015692e+01
1.594506384876076410e+01
1.742657826940340371e+01
1.904574563389064679e+01
2.081535578259464359e+01
2.274938690691139342e+01
2.486311596331698937e+01
2.717323934639940219e+01
2.969800477406452899e+01
3.245735542668107598e+01
3.547308747872230583e+01
3.876902226725115241e+01
4.237119445721150157e+01
4.630805768984703974e+01
5.061070933867011234e+01
5.531313614833255343e+01
6.045248269670609176e+01
6.606934480075960892e+01
