1.390177381535458168e-01
1.390177381535459833e-01
1.390192785047816293e-01
1.390200764554636315e-01
1.390208925041755139e-01
1.390217288509468518e-01
1.390225846604163373e-01
1.390234604996347378e-01
1.390243569664283696e-01
1.390252743121326295e-01
1.390262138873036568e-01
1.390271756700605377e-01
1.390281602268124972e-01
1.390291756489938080e-01
1.390301992710557266e-01
1.390312552594552276e-01
1.390323352010207902e-01
1.390334419247393483e-01
1.390345743385659472e-01
1.390357335622701695e-01
1.390369195029068916e-01
1.390381347482515240e-01
1.390393781046167232e-01
1.390406506493591654e-01
1.390419534878946928e-01
1.390432872102830564e-01
1.390446737341478611e-01
1.390460495152452680e-01
1.390474798240134979e-01
1.390489442360486327e-01
1.390504422008650154e-01
1.390519769241106152e-01
1.390535461425666530e-01
1.390551548974693630e-01
1.390568005190082057e-01
1.390584890793430672e-01
1.390602090799431256e-01
1.390619741761071615e-01
1.390637810227084159e-01
1.390656300241925047e-01
1.390675213636379803e-01
1.390694610225403083e-01
1.390714448014843119e-01
1.390734751502409050e-01
1.390755537766819316e-01
1.390776813547976998e-01
1.390798590774954546e-01
1.390820882930206004e-01
1.390843704619303955e-01
1.390867062585789404e-01
1.390890981587202535e-01
1.390915456945130413e-01
1.390941299131134290e-01
1.390966154123917109e-01
1.390992407841413203e-01
1.391019281194666724e-01
1.391046789339622780e-01
1.391074948209051754e-01
1.391103771173096137e-01
1.391133271656263548e-01
1.391163476977191615e-01
1.391194396448847126e-01
1.391226043239531529e-01
1.391258436063029791e-01
1.391291544950874204e-01
1.391325535098319743e-01
1.391360288255745203e-01
1.391395855826696448e-01
1.391432261956972449e-01
1.391469530459156501e-01
1.391507680028974125e-01
1.391546727912501002e-01
1.391586702276614573e-01
1.391627626609714674e-01
1.391669503209132519e-01
1.391712377363170938e-01
1.391756279059993828e-01
1.391801191799777182e-01
1.391847178101377758e-01
1.391894250205762129e-01
1.391942340956991153e-01
1.391991760728728544e-01
1.392042251795727603e-01
1.392093932535381773e-01
1.392146835809476568e-01
1.392200991918881303e-01
1.392256426354701038e-01
1.392313170977430570e-01
1.392371253216135862e-01
1.392430710498116508e-01
1.392491576943702403e-01
1.392553877057564060e-01
1.392617647267929415e-01
1.392682939758503324e-01
1.392749756039780018e-01
1.392818157927296630e-01
1.392888179189146203e-01
1.392959851467709675e-01
1.393033216730415746e-01
1.393108320353322327e-01
1.393185191944638079e-01
1.393263888354205893e-01
1.393344474357479101e-01
1.393426895442526903e-01
1.393511299049993712e-01
1.393597699611594520e-01
1.393686139125546730e-01
1.393776671971702352e-01
1.393869340812559920e-01
1.393964200417709687e-01
1.394061302099560418e-01
1.394160699118720814e-01
1.394262447265449678e-01
1.394366553019006916e-01
1.394473205916625103e-01
1.394582335796141215e-01
1.394694044054994309e-01
1.394808394320900258e-01
1.394925407313196974e-01
1.395045263470948982e-01
1.395167909468740253e-01
1.395293459243685530e-01
1.395421973585070363e-01
1.395553524605480100e-01
1.395688183043449493e-01
1.395808619811963192e-01
1.395967126403092062e-01
1.396111560686383313e-01
1.396259402935231264e-01
1.396410748420528203e-01
1.396565666105789860e-01
1.396724243940849208e-01
1.396886379657319432e-01
1.397052729096779078e-01
1.397222825815207514e-01
1.397396929265764254e-01
1.397575150109130193e-01
1.397757587692953218e-01
1.397944344603662403e-01
1.398135489607842119e-01
1.398331165175584756e-01
1.398531467497071412e-01
1.398736499671840994e-01
1.398946377544305619e-01
1.399161218010144814e-01
1.399381133448651393e-01
1.399606244017650714e-01
1.399836680439487946e-01
1.400072557987360744e-01
1.400314007294734542e-01
1.400561158717501531e-01
1.400814165419889123e-01
1.401073140969241460e-01
1.401338244444588488e-01
1.401609599981038790e-01
1.401887376633752513e-01
1.402171713326623159e-01
1.402462774164365544e-01
1.402760710054060944e-01
1.403065686792482614e-01
1.403376637215529021e-01
1.403697433476960577e-01
1.404024546266155749e-01
1.404359390262766849e-01
1.404702167773160537e-01
1.405053006382767367e-01
1.405412150118950654e-01
1.405779784500187923e-01
1.406156110015170657e-01
1.406541323897086693e-01
1.406935644791701134e-01
1.407339284136265856e-01
1.407752458176510235e-01
1.408175399926697435e-01
1.408608338887307743e-01
1.409051500959220549e-01
1.409505136915950585e-01
1.409969497405426098e-01
1.410444830218417211e-01
1.410931397569513690e-01
1.411429458501072542e-01
1.411939291078012915e-01
1.412461173293722561e-01
1.412995387561500615e-01
1.413542226349100706e-01
1.414101986895024421e-01
1.414674977102372555e-01
1.415261513295804352e-01
1.415861900534849394e-01
1.416476479842539993e-01
1.417105581842989237e-01
1.417749544115142202e-01
1.418408737442182488e-01
1.419083503131267077e-01
1.419774215448912080e-01
1.420481246448060952e-01
1.421204989956133535e-01
1.421945835447820383e-01
1.422704187891662420e-01
1.423480461414091403e-01
1.424275078958972263e-01
1.425088475717539160e-01
1.425921095446404385e-01
1.426773385507291436e-01
1.427645822375070150e-01
1.428538872855617259e-01
1.429453029800923369e-01
1.430388788712029235e-01
1.431346663955681831e-01
1.432327171669812160e-01
1.433330851585279120e-01
1.434358249069840885e-01
1.435409926262406488e-01
1.436486455221461234e-01
1.437588430620066193e-01
1.438716454190863137e-01
1.439871110572494006e-01
1.441053065843389824e-01
1.442262951410890615e-01
1.443501421336073065e-01
1.444769173484785063e-01
1.446066876918525868e-01
1.447395249358616465e-01
1.448755011861111164e-01
1.450146906950773584e-01
1.451571697926581916e-01
1.453030160782896318e-01
1.454523078554009474e-01
1.456051281590163282e-01
1.457615603765135270e-01
1.459216887906722993e-01
1.460856020743172279e-01
1.462533877786650893e-01
1.464251385024484819e-01
1.466009490091766121e-01
1.467809135753125882e-01
1.469651312968345280e-01
1.471537020656040473e-01
1.473467291982199501e-01
1.475443176586110905e-01
1.477465758177504418e-01
1.479536133547346977e-01
1.481655438648513679e-01
1.483824822784918784e-01
1.486045472894713393e-01
1.488318562522200350e-01
1.490645451024766588e-01
1.493027287112795309e-01
1.495465402679990174e-01
1.497961140135570524e-01
1.499871572172669365e-01
1.503130862255899758e-01
1.505807829193260283e-01
1.508553388461096878e-01
1.511352872817191828e-01
1.514224054226064042e-01
1.517163090308388529e-01
1.520171576333026187e-01
1.523251159962582812e-01
1.526403519208732740e-01
1.529630385557341488e-01
1.532933483003257880e-01
1.536314648790736703e-01
1.539775711931014868e-01
1.543318579868774854e-01
1.546945164600687928e-01
1.550657450406433269e-01
1.554457462646304799e-01
1.558347276847288354e-01
1.562329010244669913e-01
1.566404842081127735e-01
1.570576991907530751e-01
1.574847735781906288e-01
1.579219401084145658e-01
1.583694380115821532e-01
1.588275109487616021e-01
1.592964085911931504e-01
1.597763871892310950e-01
1.602677085129258772e-01
1.607706404883208762e-01
1.612854573628572930e-01
1.617957853430400106e-01
1.623518771308437025e-01
1.629040613017884720e-01
1.634692944466397402e-01
1.640478849257509253e-01
1.646401488225233412e-01
1.652464082333401640e-01
1.658669947836618752e-01
1.665022468417760859e-01
1.671525110772672518e-01
1.678181418510845402e-01
1.684995032952014415e-01
1.691969648880373711e-01
1.699109093566638085e-01
1.706417256372522173e-01
1.713898121942760422e-01
1.721555774321705812e-01
1.729394382280056985e-01
1.737418236793493997e-01
1.745631705579224757e-01
1.754039265817853022e-01
1.762645518423692215e-01
1.771455141930842470e-01
1.780472962836096018e-01
1.789703878616317467e-01
1.799152946790374130e-01
1.808825302146078451e-01
1.818726224488820542e-01
1.828861136316546898e-01
1.839235544809552092e-01
1.849855119701162287e-01
1.860725649134703785e-01
1.871858565381198380e-01
1.883243444608478367e-01
1.894902996160415520e-01
1.906838079426633747e-01
1.919055207264985519e-01
1.931561046422587691e-01
1.944362419024553701e-01
1.957362743096586755e-01
1.970879861395737620e-01
1.984610410339113229e-01
1.998665417189082472e-01
2.013052569597727215e-01
2.027779713412675711e-01
2.042854886602916975e-01
2.058286311115886114e-01
2.074084352872098969e-01
2.090251772821783149e-01
2.106803268439849663e-01
2.123745892025121762e-01
2.141088899582308247e-01
2.158841747579559045e-01
2.177014128566995554e-01
2.195615946038922128e-01
2.214657354844776771e-01
2.234148743852803765e-01
2.254100741568521304e-01
2.274524244977846055e-01
2.295430382186271212e-01
2.316830567064519231e-01
2.338736468837771809e-01
2.361154508304599275e-01
2.384113527210196537e-01
2.407609435709537060e-01
2.431660587958437147e-01
2.456280114109138102e-01
2.481481439225270424e-01
2.507278303494173688e-01
2.533684785060835165e-01
2.560715297444844940e-01
2.588384591323830142e-01
2.616707750802536592e-01
2.645700230205660364e-01
2.675377850439994987e-01
2.705756798300317234e-01
2.736853650321364739e-01
2.768685368955580151e-01
2.801784509349602437e-01
2.834623275481747973e-01
2.868765459513534233e-01
2.903714458074362348e-01
2.939489375469752641e-01
2.976109696124721316e-01
3.013595415947059597e-01
3.051966985586049841e-01
3.091245331212250647e-01
3.131451895908131666e-01
3.172608597115832429e-01
3.214737902314366846e-01
3.257862782563702986e-01
3.302006781847131034e-01
3.347149327691468224e-01
3.393449720669162728e-01
3.440797125787566357e-01
3.489264148250970643e-01
3.538876523777624850e-01
3.589661323481376787e-01
3.641646245516075298e-01
3.694859658298254024e-01
3.749330585536197469e-01
3.805088751042320361e-01
3.862164638209663603e-01
3.920589179742907104e-01
3.980394428806034446e-01
4.041613018177515060e-01
4.104278286128534847e-01
4.168424425316196169e-01
4.234086446524850111e-01
4.301300165580642099e-01
4.370102246470059515e-01
4.440530228681655589e-01
4.512622546599459605e-01
4.586418508432830721e-01
4.661958392799004369e-01
4.739283412976573184e-01
4.818435750205265489e-01
4.899458635530611894e-01
4.982396077949527990e-01
5.067293522242922732e-01
5.154197276540246619e-01
5.243154665100367984e-01
5.334214278605430293e-01
5.427425757601269662e-01
5.522839965253882877e-01
5.620508635364599437e-01
5.720486103488284790e-01
5.822825811000735818e-01
5.927583976679617894e-01
6.034817656588730150e-01
6.144585606743785400e-01
6.256947457405743762e-01
6.371964607657749635e-01
6.489699789222869164e-01
6.610217244736408260e-01
6.733582713782624296e-01
6.859863470594146362e-01
6.989128525769671141e-01
7.121448265280133638e-01
7.256894920236530711e-01
7.395542454813024413e-01
7.537466415320904778e-01
7.682744246276415057e-01
7.831455259666479929e-01
7.983680543675097940e-01
8.139503137978516545e-01
8.299008060520861596e-01
8.462282342065264862e-01
8.629415081304370183e-01
8.800497425543942764e-01
8.975622701968403172e-01
9.154886479856897408e-01
9.338386533085875074e-01
9.526223002999094636e-01
9.718498343943806628e-01
9.915317472339496563e-01
1.012953653083542571e+00
1.032301904779171053e+00
1.053412393251936141e+00
1.075021758724150178e+00
1.097141784734983361e+00
1.119784545168046819e+00
1.142962388512007710e+00
1.166687961859185219e+00
1.190974207133755458e+00
1.215834377559135815e+00
1.241282035775380876e+00
1.267331055062125733e+00
1.293995639489784688e+00
1.321290385742270201e+00
1.349230137687546849e+00
1.377830144154475578e+00
1.407106017065589798e+00
1.437073726717030375e+00
1.467749619440251285e+00
1.499150431059866895e+00
1.531293296068422682e+00
1.564195798362340462e+00
1.597875736847126804e+00
1.632351637457580829e+00
1.667642261556877559e+00
1.703766853026052575e+00
1.740745130139847330e+00
1.778597262200660944e+00
1.817343900906076337e+00
1.857006181742235862e+00
1.897605730456109141e+00
1.939164747894934981e+00
1.981705852594977335e+00
2.025252269925425175e+00
2.069827759376468457e+00
2.115456638595734074e+00
2.162163800205063158e+00
2.209974727172542064e+00
2.258915505553385827e+00
2.309012829456697613e+00
2.360294032302474587e+00
2.412787092462326921e+00
2.466520230302807093e+00
2.521524010151650508e+00
2.577827190561570614e+00
2.635460906957736160e+00
2.694456599293600263e+00
2.754846453042221643e+00
2.816663412197347061e+00
2.879941207578087692e+00
2.944714361013702320e+00
3.011018199834010201e+00
3.078888911937322170e+00
3.148363514788663942e+00
3.219479912260096111e+00
3.292276898373700078e+00
3.366794203135889951e+00
3.443072467590339691e+00
3.521153297388748271e+00
3.601079321363990893e+00
3.682899169131399919e+00
3.766642326101723448e+00
3.895990028143383022e+00
1.389855223449487642e-01
1.389855223642777471e-01
1.389855223642777748e-01
1.389855223642777748e-01
1.389855223642777471e-01
1.389855223642777471e-01
1.389855223642777748e-01
1.389855224253699062e-01
1.389855224253699617e-01
1.389855224253698784e-01
1.389855224253699062e-01
1.389855224253699062e-01
1.389855224253699062e-01
1.389855224253699062e-01
1.389855224253699062e-01
1.389855224253699340e-01
1.389855224253698507e-01
1.389855225579839371e-01
1.389855225579838816e-01
1.389855225579839371e-01
1.389855225579839371e-01
1.389855225579839371e-01
1.389855225579839371e-01
1.389855225579839371e-01
1.389855225579839371e-01
1.389855225579839093e-01
1.389855225579839371e-01
1.389855225579839093e-01
1.389855225579839371e-01
1.389855225579839093e-01
1.389855225579839371e-01
1.389855225579838816e-01
1.389855225579839371e-01
1.389855225579839093e-01
1.389855226687045642e-01
1.389855226687045087e-01
1.389855226687045364e-01
1.389855226687045087e-01
1.389855226687045642e-01
1.389855226687045364e-01
1.389855228932199982e-01
1.389855228932199982e-01
1.389855228932200815e-01
1.389855228932200815e-01
1.389855228932199982e-01
1.389855228932200537e-01
1.389855228236633322e-01
1.389855228236633322e-01
1.389855228236633322e-01
1.389855228236633877e-01
1.389855228236633045e-01
1.389855228236633045e-01
1.389855228236633045e-01
1.389855228236633877e-01
1.389855228236633600e-01
1.389855232494097981e-01
1.389855232494098258e-01
1.389855232494098536e-01
1.389855232494098536e-01
1.389855232494098813e-01
1.389855232494099091e-01
1.389855232494098813e-01
1.389855232494098813e-01
1.389855232494098813e-01
1.389855232494098258e-01
1.389855232494098813e-01
1.389855232494098258e-01
1.389855232494097981e-01
1.389855232494098536e-01
1.389855232494098258e-01
1.389855232494098258e-01
1.389855238160424278e-01
1.389855238160424833e-01
1.389855238160424555e-01
1.389855238160424555e-01
1.389855238160424555e-01
1.389855238160424555e-01
1.389855238160424555e-01
1.389855238160424555e-01
1.389855238160424555e-01
1.389855238160424278e-01
1.389855238160424278e-01
1.389855238160424555e-01
1.389855238160424555e-01
1.389855238160425110e-01
1.389855238160424555e-01
1.389855238160424555e-01
1.389855238160424555e-01
1.389855247168514107e-01
1.389855247168514385e-01
1.389855247168514663e-01
1.389855247168514663e-01
1.389855247168514663e-01
1.389855247168514385e-01
1.389855247168514663e-01
1.389855247168514663e-01
1.389855247168514385e-01
1.389855247168514385e-01
1.389855247168514385e-01
1.389855247168514663e-01
1.389855247168514663e-01
1.389855247168514385e-01
1.389855247168514385e-01
1.389855247168514663e-01
1.389855247168514385e-01
1.389855247168514663e-01
1.389855261418037613e-01
1.389855261418037891e-01
1.389855261418037891e-01
1.389855261418037891e-01
1.389855261418037891e-01
1.389855261418037891e-01
1.389855261418037891e-01
1.389855261418037891e-01
1.389855261418037891e-01
1.389855261418037613e-01
1.389855261418037613e-01
1.389855261418037613e-01
1.389855261418037891e-01
1.389855261418037891e-01
1.389855261418037891e-01
1.389855261418037891e-01
1.389855261418037891e-01
1.389855261418037891e-01
1.389855261418037891e-01
1.389855283669873820e-01
1.389855283669872987e-01
1.389855283669873265e-01
1.389855283669873542e-01
1.389855283669873542e-01
1.389855283669873542e-01
1.389855283669872710e-01
1.389855283669873265e-01
1.389855283669873542e-01
1.389855283669873265e-01
1.389855283669873265e-01
1.389855283669872987e-01
1.389855283669873542e-01
1.389855283669873265e-01
1.389855283669873265e-01
1.389855283669873542e-01
1.389855283669873542e-01
1.389855283669873542e-01
1.389855317628981568e-01
1.389855317628981290e-01
1.389855317628981846e-01
1.389855317628981290e-01
1.389855317628981846e-01
1.389855317628981290e-01
1.389855317628981846e-01
1.389855317628981290e-01
1.389855317628981290e-01
1.389855317628981290e-01
1.389855317628981290e-01
1.389855317628981290e-01
1.389855317628981290e-01
1.389855317628981290e-01
1.389855317628981290e-01
1.389855317628981568e-01
1.389855317628981846e-01
1.389855317628981568e-01
1.389855317628981290e-01
1.389855367798856489e-01
1.389855367798856489e-01
1.389855367798856767e-01
1.389855367798856767e-01
1.389855367798856212e-01
1.389855367798856767e-01
1.389855367798856767e-01
1.389855367798856489e-01
1.389855367798856767e-01
1.389855367798856767e-01
1.389855367798856489e-01
1.389855367798856767e-01
1.389855367798856767e-01
1.389855367798856489e-01
1.389855367798856767e-01
1.389855367798856767e-01
1.389855367798856767e-01
1.389855438798920095e-01
1.389855438798919818e-01
1.389855438798919818e-01
1.389855438798919540e-01
1.389855438798920373e-01
1.389855438798920095e-01
1.389855438798920373e-01
1.389855438798919818e-01
1.389855438798920095e-01
1.389855438798920095e-01
1.389855438798920650e-01
1.389855438798920373e-01
1.389855438798919818e-01
1.389855438798919540e-01
1.389855438798919818e-01
1.389855438798920373e-01
1.389855533719782654e-01
1.389855533719782654e-01
1.389855533719782932e-01
1.389855533719783209e-01
1.389855533719783487e-01
1.389855533719782932e-01
1.389855533719782654e-01
1.389855533719782932e-01
1.389855533719783209e-01
1.389855533719782932e-01
1.389855533719782932e-01
1.389855533719782932e-01
1.389855533719782654e-01
1.389855533719782932e-01
1.389855533719783487e-01
1.389855651874757347e-01
1.389855651874757347e-01
1.389855651874757070e-01
1.389855651874757625e-01
1.389855651874757902e-01
1.389855651874757902e-01
1.389855651874757902e-01
1.389855651874757625e-01
1.389855651874758180e-01
1.389855651874758180e-01
1.389855651874757902e-01
1.389855651874757347e-01
1.389855787084193495e-01
1.389855787084194050e-01
1.389855787084194605e-01
1.389855787084193772e-01
1.389855787084193772e-01
1.389855787084193772e-01
1.389855787084194327e-01
1.389855787084194050e-01
1.389855787084194605e-01
1.389855787084194050e-01
1.389855787084193772e-01
1.389855926381539375e-01
1.389855926381538820e-01
1.389855926381538820e-01
1.389855926381538820e-01
1.389855926381538820e-01
1.389855926381538820e-01
1.389855926381539097e-01
1.389855926381538820e-01
1.389856049277330419e-01
1.389856049277330419e-01
1.389856049277330696e-01
1.389856049277330696e-01
1.389856049277330696e-01
1.389856132297299929e-01
1.389856132297298819e-01
1.389856132297299651e-01
1.389856164070492339e-01
1.389856081669819110e-01
1.389856081669819110e-01
1.389856081669821053e-01
1.389856081669819110e-01
1.389856081669815502e-01
1.389856081669819110e-01
1.389856081669819110e-01
1.389856081669820775e-01
1.389856081669819388e-01
1.389856081669815502e-01
1.389856081669819388e-01
1.389856081669819388e-01
1.389856081669820498e-01
1.389856081669818832e-01
1.389856081669815224e-01
1.389856081669819110e-01
1.389856081669819110e-01
1.389856081669821053e-01
1.389856081669819110e-01
1.389856081669816057e-01
1.389856081669819665e-01
1.389856081669819110e-01
1.389856081669821053e-01
1.389856081669819110e-01
1.389856081669815502e-01
1.389856081669819388e-01
1.389856081669819110e-01
1.389856081669820498e-01
1.389856081669819110e-01
1.389856081669815502e-01
1.389856081669819110e-01
1.389856081669819110e-01
1.389856081669821053e-01
1.389859306467957079e-01
1.389859306467953748e-01
1.389859306467957079e-01
1.389859306467957634e-01
1.389859306467959854e-01
1.389859306467957356e-01
1.389859306467952915e-01
1.389859306467957911e-01
1.389859306467957079e-01
1.389859306467959577e-01
1.389859306467957079e-01
1.389859306467952915e-01
1.389859306467957356e-01
1.389859306467957079e-01
1.389859306467959577e-01
1.389859306467957079e-01
1.389859306467952915e-01
1.389859306467957079e-01
1.389859306467957634e-01
1.389859306467959577e-01
1.389859306467957356e-01
1.389859306467952915e-01
1.389859306467953470e-01
1.389859306467957356e-01
1.389859306467959299e-01
1.389859306467956801e-01
1.389859306467953193e-01
1.389859306467953470e-01
1.389859306467957079e-01
1.389859306467959854e-01
1.389859306467957079e-01
1.389859306467953470e-01
1.389859306467952915e-01
1.389859306467957079e-01
1.389859306467960409e-01
1.389859306467957356e-01
1.389859306467953193e-01
1.389859306467952915e-01
1.389859306467957079e-01
1.389859306467959299e-01
1.389859306467957634e-01
1.389859306467953193e-01
1.389859306467953470e-01
1.389859306467957634e-01
1.389859306467959854e-01
1.389859306467957079e-01
1.389859306467954025e-01
1.389859306467952638e-01
1.389859306467957356e-01
1.389859306467960409e-01
1.389859306467957079e-01
1.389859306467952638e-01
1.389859306467953193e-01
1.389859306467957079e-01
1.389859306467959577e-01
1.389859306467957911e-01
1.389859306467953193e-01
1.389859306467953748e-01
1.389859306467957356e-01
1.389859306467959854e-01
1.389859306467957079e-01
1.389859306467953470e-01
1.389859306467952915e-01
1.389859306467957079e-01
1.389859306467959854e-01
1.389859306467957356e-01
1.389859306467952638e-01
1.389859306467952638e-01
1.389859306467957079e-01
1.389862947858460651e-01
1.389862947858459263e-01
1.389862947858456488e-01
1.389862947858456488e-01
1.389862947858458986e-01
1.389862947858460096e-01
1.389872236657208882e-01
1.389872236657207494e-01
1.389872236657206661e-01
1.389872236657208326e-01
1.389872236657211657e-01
1.389872236657209159e-01
1.389872236657209437e-01
1.389872236657206661e-01
1.389872236657208882e-01
1.389872236657210824e-01
1.389872236657209714e-01
1.389872236657208604e-01
1.389872236657207216e-01
1.389872236657209159e-01
1.389872236657211102e-01
1.389872236657209159e-01
1.389872236657208882e-01
1.389872236657206661e-01
1.389872236657208326e-01
1.389872236657211657e-01
1.389872236657209714e-01
1.389872236657209714e-01
1.389876606780788282e-01
1.389876606780791890e-01
1.389876606780793833e-01
1.389876606780792445e-01
1.389876606780791057e-01
1.389876606780788837e-01
1.389876606780792168e-01
1.389876606780794666e-01
1.389876606780792168e-01
1.389876606780791890e-01
1.389876606780787449e-01
1.389876606780791890e-01
1.389876606780794666e-01
1.389876606780792445e-01
1.389876606780792168e-01
1.389876606780787727e-01
1.389876606780791890e-01
1.389876606780793278e-01
1.389876606780792445e-01
1.389876606780791335e-01
1.389876606780788282e-01
1.389876606780792445e-01
1.389876606780793833e-01
1.389876606780791890e-01
1.389876606780791612e-01
1.389876606780787449e-01
1.389876606780791890e-01
1.389876606780794666e-01
1.389876606780791612e-01
1.389876606780792168e-01
1.389876606780788004e-01
1.389876606780791612e-01
1.389876606780793000e-01
1.389876606780792445e-01
1.389876606780791335e-01
1.389876606780788004e-01
1.389876606780791612e-01
1.389876606780793833e-01
1.389876606780792445e-01
1.389876606780791890e-01
1.389876606780787727e-01
1.389876606780791335e-01
1.389876606780793833e-01
1.389876606780792168e-01
1.389876606780792445e-01
1.389922026298088809e-01
1.389922026298090751e-01
1.389922026298093527e-01
1.389922026298092417e-01
1.389922026298090751e-01
1.389922026298089086e-01
1.389922026298090196e-01
1.389922026298092972e-01
1.389922026298093805e-01
1.389922026298091029e-01
1.389922026298088531e-01
1.389922026298090196e-01
1.389922026298094082e-01
1.389922026298093249e-01
1.389922026298091307e-01
1.389922026298088253e-01
1.389922026298089364e-01
1.389922026298093527e-01
1.389922026298093527e-01
1.389922026298090474e-01
1.389970755016664006e-01
1.389970755016665949e-01
1.389970755016668724e-01
1.389970755016669279e-01
1.389970755016666226e-01
1.389970755016664006e-01
1.389970755016665116e-01
1.389970755016669002e-01
1.389970755016667892e-01
1.389970755016665671e-01
1.389970755016663173e-01
1.389970755016665116e-01
1.389970755016668724e-01
1.389970755016668724e-01
1.389970755016665671e-01
1.389970755016664283e-01
1.389970755016665671e-01
1.389970755016668447e-01
1.389970755016669279e-01
1.389970755016666226e-01
1.389970755016663728e-01
1.390034940102362893e-01
1.390034940102367056e-01
1.390034940102365946e-01
1.390034940102364003e-01
1.390034940102361227e-01
1.390034940102362893e-01
1.390034940102366501e-01
1.390034940102367056e-01
1.390034940102363725e-01
1.390034940102362337e-01
1.390034940102363448e-01
1.390034940102366778e-01
1.390034940102367333e-01
1.390034940102364003e-01
1.390034940102361782e-01
1.390034940102362893e-01
1.390103407295122939e-01
1.389974376222326558e-01
1.389974376222326280e-01
1.389974376222321839e-01
1.389974376222323782e-01
1.389974376222327390e-01
1.389974376222326835e-01
1.389974376222325447e-01
1.389974376222320451e-01
1.389974376222325447e-01
1.389974376222326280e-01
1.389974376222326835e-01
1.389974376222326835e-01
1.389974376222321839e-01
1.389974376222325447e-01
1.389974376222328223e-01
1.389974376222327945e-01
1.390177381535458723e-01
