3.183500521111168879e-01
3.183500521111165549e-01
3.183475482468907103e-01
3.183462640103994490e-01
3.183449594435079910e-01
3.183436312889536546e-01
3.183422810748162690e-01
3.183409088425478983e-01
3.183395156192330711e-01
3.183380950245982555e-01
3.183366519033825059e-01
3.183351844998337232e-01
3.183336923411575481e-01
3.183321636831178969e-01
3.183306329280934377e-01
3.183290642358403977e-01
3.183274700144031466e-01
3.183258483594971211e-01
3.183241994763006955e-01
3.183225227825424164e-01
3.183208188516561399e-01
3.183190844705349187e-01
3.183173210543058240e-01
3.183155296686583924e-01
3.183137064315935683e-01
3.183118536225307826e-01
3.183099397914247453e-01
3.183080534172988973e-01
3.183061051182661250e-01
3.183041238417437802e-01
3.183021098181347819e-01
3.183000614223926439e-01
3.182979804484246666e-01
3.182958612370808682e-01
3.182937076043502733e-01
3.182915183757811239e-01
3.182892917849602377e-01
3.182870276098426765e-01
3.182847255615562920e-01
3.182823846895929121e-01
3.182800072686687298e-01
3.182775846058769065e-01
3.182751237735945149e-01
3.182726215195187391e-01
3.182700771651897909e-01
3.182674912099321407e-01
3.182648596538584784e-01
3.182621847476099775e-01
3.182594637260597881e-01
3.182566991220953101e-01
3.182538882081104581e-01
3.182510269862559027e-01
3.182480279605165996e-01
3.182451630134781051e-01
3.182421566569476612e-01
3.182390926953767019e-01
3.182359917203639310e-01
3.182328307523616395e-01
3.182296173383842852e-01
3.182263500444762472e-01
3.182230269368974129e-01
3.182196476973401800e-01
3.182162125504909289e-01
3.182127192264756488e-01
3.182091726022662770e-01
3.182055558259237471e-01
3.182018826684809842e-01
3.181981479496271970e-01
3.181943510220825999e-01
3.181904897173948865e-01
3.181865631372292058e-01
3.181825713762088670e-01
3.181785121540419148e-01
3.181743839329089218e-01
3.181701872796931507e-01
3.181659202031888456e-01
3.181615809852767485e-01
3.181571680149414827e-01
3.181526823070016108e-01
3.181481195651754135e-01
3.181434896949285607e-01
3.181387637436485782e-01
3.181339670640884743e-01
3.181290900559395340e-01
3.181241314659465358e-01
3.181190889592288573e-01
3.181139616777481360e-01
3.181087484622612815e-01
3.181034472211140551e-01
3.180980570303827970e-01
3.180925755834168034e-01
3.180870021708879780e-01
3.180813352236339098e-01
3.180755726109735226e-01
3.180697131921322862e-01
3.180637365199924793e-01
3.180576969451187064e-01
3.180515367484557654e-01
3.180452734385111890e-01
3.180389041358572810e-01
3.180324283661404294e-01
3.180258427217335093e-01
3.180191439695658762e-01
3.180123400607063888e-01
3.180049787365037406e-01
3.179983754238884797e-01
3.179912170804015670e-01
3.179839387097357362e-01
3.179765396676199063e-01
3.179690124517747796e-01
3.179613598965629895e-01
3.179535796276791726e-01
3.179456676765701206e-01
3.179376262791578367e-01
3.179294430203685740e-01
3.179211247113774008e-01
3.179126678635822434e-01
3.179040678192510128e-01
3.178953261130187391e-01
3.178864311187036829e-01
3.178773901265076196e-01
3.178681966068969689e-01
3.178588484188638597e-01
3.178493433794556400e-01
3.178396773650324358e-01
3.178310872605874526e-01
3.178198570913416954e-01
3.178096951988068075e-01
3.177993627928324960e-01
3.177888565376382202e-01
3.177781778777605259e-01
3.177673107918084217e-01
3.177562789663003207e-01
3.177450361270657275e-01
3.177336148847131336e-01
3.177220026160352817e-01
3.177101955758756535e-01
3.176981889868201181e-01
3.176859800861705496e-01
3.176735670957923086e-01
3.176609445254529041e-01
3.176481101449410427e-01
3.176350594870623323e-01
3.176217886059429230e-01
3.176082952900391443e-01
3.175945746996101104e-01
3.175806235813264933e-01
3.175664374006393342e-01
3.175520128404289433e-01
3.175373461260994623e-01
3.175224316486212062e-01
3.175072653272389411e-01
3.174918463544352254e-01
3.174761659679733450e-01
3.174602243620582298e-01
3.174440117023358265e-01
3.174275275370956328e-01
3.174107657396390003e-01
3.173937219845450741e-01
3.173763919319253501e-01
3.173588394732785312e-01
3.173408516293684811e-01
3.173226321173281406e-01
3.173041053456165383e-01
3.172852665069809674e-01
3.172661127184137619e-01
3.172466354008428024e-01
3.172268315746451517e-01
3.172066931853138039e-01
3.171862173171879906e-01
3.171653950924562815e-01
3.171442231151322955e-01
3.171226949741031698e-01
3.171008060351311331e-01
3.170785471356575846e-01
3.170559147781191744e-01
3.170329017597803278e-01
3.170095007739281434e-01
3.169857064867891427e-01
3.169615121399786406e-01
3.169369104906822332e-01
3.169118983709027781e-01
3.168864579755346633e-01
3.168605949888981255e-01
3.168342956766755369e-01
3.168075540451693595e-01
3.167803623743050134e-01
3.167527130814375425e-01
3.167245992066876625e-01
3.166960118668774027e-01
3.166669446747037986e-01
3.166373869810910069e-01
3.166073324417340018e-01
3.165767723062701822e-01
3.165456983216378695e-01
3.165141013508020462e-01
3.164819730042890411e-01
3.164493038482141252e-01
3.164160855632153768e-01
3.163823078830541036e-01
3.163479619462831183e-01
3.163130384484063584e-01
3.162775277189827094e-01
3.162414194851829730e-01
3.162047035302915088e-01
3.161673708387311432e-01
3.161294082079941226e-01
3.160908082142655506e-01
3.160515582828760661e-01
3.160116487689838549e-01
3.159710672494292494e-01
3.159298031918840732e-01
3.158878456023198611e-01
3.158451808422054752e-01
3.158017990742045256e-01
3.157576870434406491e-01
3.157128332489656519e-01
3.156672254655209509e-01
3.156208491848826458e-01
3.155736927534631975e-01
3.155257441391089435e-01
3.154769889718908593e-01
3.154274120672322379e-01
3.153770020993531542e-01
3.153257415212803449e-01
3.152736233559151890e-01
3.152206257301202741e-01
3.151667365749332705e-01
3.151119413305670802e-01
3.150562236937713423e-01
3.149995684983228905e-01
3.149419609700914169e-01
3.148833837413140824e-01
3.148238216961645741e-01
3.147632568325963165e-01
3.147016710639780612e-01
3.146390543137532747e-01
3.145753815438475098e-01
3.145106373693651869e-01
3.144448040189143367e-01
3.143778618169004724e-01
3.143097964373548492e-01
3.142405842415237904e-01
3.141702078827835476e-01
3.140986469017665317e-01
3.140258823828193657e-01
3.139518938788120050e-01
3.138766613902754243e-01
3.138001620809808823e-01
3.137223761196732963e-01
3.136631793498776966e-01
3.135628592392544212e-01
3.134810787696189482e-01
3.133977610059728303e-01
3.133133721884050482e-01
3.132273969825869475e-01
3.131399753914509976e-01
3.130510823630527351e-01
3.129606947086803204e-01
3.128687864121724171e-01
3.127753313979479421e-01
3.126803048953264996e-01
3.125836795977669502e-01
3.124854286731088560e-01
3.123855244442155232e-01
3.122839393567182209e-01
3.121806505824925582e-01
3.120756143246230518e-01
3.119688116205840966e-01
3.118602216923206383e-01
3.117497989266503344e-01
3.116375192835563190e-01
3.115233502664038201e-01
3.114072603760604796e-01
3.112892187574063940e-01
3.111691905843644856e-01
3.110471432620240395e-01
3.109230426430223959e-01
3.107968549477746478e-01
3.106685424660687311e-01
3.105380725382973495e-01
3.104095870378336675e-01
3.102705109587730048e-01
3.101333454482325669e-01
3.099938706662074828e-01
3.098520505430372718e-01
3.097078445396361790e-01
3.095612125176632756e-01
3.094121127036108532e-01
3.092605060531252725e-01
3.091063483286818347e-01
3.089495967898220341e-01
3.087902112892459416e-01
3.086281385560324941e-01
3.084633422141878079e-01
3.082957761053214951e-01
3.081253863682866800e-01
3.079521319180327787e-01
3.077759630437373328e-01
3.075968302553169775e-01
3.074146839122898212e-01
3.072294733974763048e-01
3.070411470622915195e-01
3.068496522145020000e-01
3.066549356907953827e-01
3.064569444739250192e-01
3.062556208654839129e-01
3.060509106425108872e-01
3.058427569824606618e-01
3.056311014942399984e-01
3.054158852655982082e-01
3.051970477813699123e-01
3.049745300139480864e-01
3.047481560173257997e-01
3.045181990180730880e-01
3.042842601148411652e-01
3.040463848097915145e-01
3.038045084420664121e-01
3.035585618083396220e-01
3.033084796938193550e-01
3.030561923360722831e-01
3.027956204111584837e-01
3.025327020785473220e-01
3.022653612373374932e-01
3.019935215519647942e-01
3.017171086622527088e-01
3.014360465954877277e-01
3.011502553844743191e-01
3.008596205834200843e-01
3.005641683514164164e-01
3.002637096667323813e-01
2.999581956920246428e-01
2.996475465954830941e-01
2.993316632986743886e-01
2.990104698731740340e-01
2.986838645140724169e-01
2.983517805738716833e-01
2.980141022609502643e-01
2.976707427184745458e-01
2.973216068425890701e-01
2.969665976242601424e-01
2.966056157877013932e-01
2.962385608462994591e-01
2.958654231149289160e-01
2.954858226807869914e-01
2.950999290044271639e-01
2.947075438685325399e-01
2.943085563126733861e-01
2.939028581324161227e-01
2.934903341314806791e-01
2.930708701763978241e-01
2.926443493988266087e-01
2.922106529930001417e-01
2.917696595946355220e-01
2.913212495974644711e-01
2.908652941131688596e-01
2.904016678631214932e-01
2.899302425450243081e-01
2.894508844442063578e-01
2.889557842752363825e-01
2.884678442123532194e-01
2.879638850706694453e-01
2.874514480778606607e-01
2.869303899543805825e-01
2.864005657541634497e-01
2.858618287583650219e-01
2.853140303541329970e-01
2.847570117182825489e-01
2.841906236560741705e-01
2.836147087023020985e-01
2.830291038719290331e-01
2.824336473534783676e-01
2.818281733390241017e-01
2.812131197381989578e-01
2.805864864016581195e-01
2.799499468405093339e-01
2.793026894214917233e-01
2.786445420195131084e-01
2.779753227647885905e-01
2.772948449534597404e-01
2.766029193145417286e-01
2.758993535998974789e-01
2.751839511311274800e-01
2.744565125609791378e-01
2.737168391476881846e-01
2.729647187633542638e-01
2.721999459411240108e-01
2.714223080642506059e-01
2.706315867354454618e-01
2.698275625721556770e-01
2.690100128781319766e-01
2.681787095681420485e-01
2.673334204824094895e-01
2.664739110072015249e-01
2.655999501182574885e-01
2.647112692955780333e-01
2.638076458912924638e-01
2.628888211396270824e-01
2.619545387272247394e-01
2.610045399394300136e-01
2.600385577067140797e-01
2.590563244690005651e-01
2.580575668308212611e-01
2.570420075874133015e-01
2.560093567225996125e-01
2.549593423830579519e-01
2.538916662488593934e-01
2.528060179702581456e-01
2.517021096056288876e-01
2.505796299861208776e-01
2.494382673893833224e-01
2.482777012642340131e-01
2.470976121225696154e-01
2.458976695333970064e-01
2.446775403790835413e-01
2.434368843229095247e-01
2.421753559351473295e-01
2.408926054235383529e-01
2.395882736694619208e-01
2.382619998199968503e-01
2.369134137789910277e-01
2.355421387071061634e-01
2.341477949512179302e-01
2.327299939459462619e-01
2.312883410775319615e-01
2.298224344919750917e-01
2.283318669045742988e-01
2.268162230507320409e-01
2.252750805598761341e-01
2.237080111528002568e-01
2.221145784562266190e-01
2.204943390227914746e-01
2.188468418200258392e-01
2.171716285193359408e-01
2.154682320551474795e-01
2.137361792889818923e-01
2.119749877246079051e-01
2.100712455732997863e-01
2.083632190039288179e-01
2.065116351955414431e-01
2.046289037681325584e-01
2.027144993270430240e-01
2.007678850249845215e-01
1.987885240777322593e-01
1.967758635966100345e-01
1.947293437024023022e-01
1.926483942589515830e-01
1.905324362655632930e-01
1.883808809422240771e-01
1.861931317349697912e-01
1.839685739221809946e-01
1.817065928550248843e-01
1.794065581114467067e-01
1.770678290969137370e-01
1.746897550587642456e-01
1.722716737907070694e-01
1.698129125786523586e-01
1.673127867486666753e-01
1.647705968340115457e-01
1.621856467016523640e-01
1.595572053705165694e-01
1.568845445317059994e-01
1.541669213282748363e-01
1.514035731253075279e-01
1.485937470950854378e-01
1.457366450859720886e-01
1.428314773500174162e-01
1.398774363227504591e-01
1.368736958862843411e-01
1.338194239772206862e-01
1.307137692577840515e-01
1.275558671324679150e-01
1.243448386964119967e-01
1.210797902357571981e-01
1.177598127414812429e-01
1.143839811716302335e-01
1.109513593877411441e-01
1.074609885228402506e-01
1.039118979891115041e-01
1.003031280138026310e-01
9.663359023741500964e-02
9.290234751898168719e-02
8.910833265531140079e-02
8.525049000515347308e-02
8.132774578578658153e-02
7.733900828379486336e-02
7.328316688601937967e-02
6.915909269013612026e-02
6.496563845146957616e-02
6.070163600088229749e-02
5.636589912905358435e-02
5.195722093963905247e-02
4.747437419883867443e-02
4.291611136660798687e-02
3.828116333518379738e-02
3.356824090775226838e-02
2.877603041589465310e-02
2.390289971281842410e-02
1.135945006682706655e-02
1.135945006682706829e-02
3.184238432813961683e-01
3.184238432813963904e-01
3.184238414886824131e-01
3.184238414886817470e-01
3.184238414886824686e-01
3.184238414886823576e-01
3.184238414886825796e-01
3.184238414886823021e-01
3.184238414886818025e-01
3.184238414886823576e-01
3.184238414886823576e-01
3.184238414886825796e-01
3.184238414886823576e-01
3.184238355059135772e-01
3.184238355059141323e-01
3.184238355059141323e-01
3.184238355059144654e-01
3.184238355059141323e-01
3.184238355059135772e-01
3.184238355059142433e-01
3.184238355059141878e-01
3.184238355059142989e-01
3.184238355059141878e-01
3.184238355059135217e-01
3.184238355059141878e-01
3.184238355059141323e-01
3.184238355059143544e-01
3.184238355059141323e-01
3.184238355059135217e-01
3.184238355059141323e-01
3.184238355059141878e-01
3.184238355059143544e-01
3.184238355059141323e-01
3.184238355059135772e-01
3.184238355059141878e-01
3.184238210179875517e-01
3.184238210179878292e-01
3.184238210179876072e-01
3.184238210179869966e-01
3.184238210179876072e-01
3.184238210179876072e-01
3.184238210179878292e-01
3.184238210179876072e-01
3.184238210179869966e-01
3.184238210179875517e-01
3.184238210179876627e-01
3.184238210179878847e-01
3.184238210179876627e-01
3.184238210179870521e-01
3.184238210179869966e-01
3.184238210179876072e-01
3.184238210179878847e-01
3.184238210179876072e-01
3.184238210179869966e-01
3.184238210179869411e-01
3.184238210179876627e-01
3.184238210179878847e-01
3.184238210179876627e-01
3.184238210179869966e-01
3.184238210179869966e-01
3.184238210179876627e-01
3.184238210179878292e-01
3.184238210179876072e-01
3.184238210179870521e-01
3.184238210179869966e-01
3.184238210179875517e-01
3.184238210179878292e-01
3.184237868633424950e-01
3.184237868633419399e-01
3.184237868633419399e-01
3.184237868633426061e-01
3.184237868633427171e-01
3.184237868633425506e-01
3.184237868633419399e-01
3.184237868633418289e-01
3.184237868633425506e-01
3.184237868633427726e-01
3.184237868633424395e-01
3.184237868633418289e-01
3.184237868633420510e-01
3.184237868633424950e-01
3.184237868633427171e-01
3.184237868633424950e-01
3.184237868633418844e-01
3.184237868633419399e-01
3.184237868633424950e-01
3.184237868633427171e-01
3.184237868633426061e-01
3.184237868633419399e-01
3.184237868633418844e-01
3.184237868633425506e-01
3.184237868633427171e-01
3.184237868633424950e-01
3.184237868633418289e-01
3.184237868633418844e-01
3.184237868633424950e-01
3.184237868633428281e-01
3.184237868633424950e-01
3.184237868633418289e-01
3.184237868633418289e-01
3.184237868633424950e-01
3.184237868633428281e-01
3.184237868633424950e-01
3.184237868633419399e-01
3.184237868633418289e-01
3.184237868633423840e-01
3.184237868633427171e-01
3.184237868633423840e-01
3.184237868633424395e-01
3.184237013325725840e-01
3.184237013325733057e-01
3.184237013325735277e-01
3.184237013325731946e-01
3.184237013325733057e-01
3.184237013325726395e-01
3.184237013325732502e-01
3.184237013325735277e-01
3.184237013325733057e-01
3.184237013325731946e-01
3.184237013325725840e-01
3.184237013325733057e-01
3.184237013325734722e-01
3.184237013325733057e-01
3.184237013325731946e-01
3.184237013325726395e-01
3.184237013325733057e-01
3.184237013325736387e-01
3.184237013325731946e-01
3.184237013325732502e-01
3.184237013325725285e-01
3.184237013325733057e-01
3.184237013325734722e-01
3.184237013325733057e-01
3.184237013325732502e-01
3.184237013325726395e-01
3.184237013325733612e-01
3.184237013325736387e-01
3.184237013325731946e-01
3.184237013325731946e-01
3.184237013325726395e-01
3.184237013325732502e-01
3.184237013325736387e-01
3.184237013325732502e-01
3.184237013325731946e-01
3.184237013325724730e-01
3.184237013325733057e-01
3.184237013325735277e-01
3.184237013325731391e-01
3.184237013325733057e-01
3.184237013325726395e-01
3.184237013325733612e-01
3.184237013325735832e-01
3.184237013325733057e-01
3.184237013325731946e-01
3.184237013325727506e-01
3.184237013325733057e-01
3.184237013325735277e-01
3.184237013325732502e-01
3.184237013325733057e-01
3.184237013325725840e-01
3.184234674334052717e-01
3.184234674334053827e-01
3.184234674334051607e-01
3.184234674334050497e-01
3.184234674334044946e-01
3.184234674334051052e-01
3.184234674334053272e-01
3.184234674334051607e-01
3.184234674334051607e-01
3.184234674334046056e-01
3.184234674334049942e-01
3.184234674334052717e-01
3.184234674334050497e-01
3.184234674334051607e-01
3.184234674334043835e-01
3.184234674334051052e-01
3.184234674334052162e-01
3.184234674334053272e-01
3.184234674334051607e-01
3.184234674334044946e-01
3.184234674334051607e-01
3.184234674334053827e-01
3.184234674334053827e-01
3.184234674334051052e-01
3.184234674334046056e-01
3.184234674334051052e-01
3.184234674334053272e-01
3.184234674334052717e-01
3.184234674334051052e-01
3.184234674334044946e-01
3.184234674334050497e-01
3.184234674334053272e-01
3.184234674334052717e-01
3.184234674334051607e-01
3.184234674334044946e-01
3.184234674334051607e-01
3.184234674334053272e-01
3.184234674334053827e-01
3.184234674334050497e-01
3.184234674334046056e-01
3.184234674334050497e-01
3.184234674334051607e-01
3.184234674334052717e-01
3.184234674334051052e-01
3.184234674334046056e-01
3.184234674334050497e-01
3.184234674334052717e-01
3.184234674334052162e-01
3.184234674334051052e-01
3.184234674334046611e-01
3.184234674334051607e-01
3.184234674334051607e-01
3.184234674334052717e-01
3.184234674334050497e-01
3.184234674334047166e-01
3.184234674334050497e-01
3.184234674334053272e-01
3.184234674334052162e-01
3.184227693934030268e-01
3.184227693934025272e-01
3.184227693934029713e-01
3.184227693934032488e-01
3.184227693934031378e-01
3.184227693934030268e-01
3.184227693934026937e-01
3.184227693934030268e-01
3.184227693934031378e-01
3.184227693934031378e-01
3.184227693934031378e-01
3.184227693934026937e-01
3.184227693934029713e-01
3.184227693934031378e-01
3.184227693934031378e-01
3.184227693934031933e-01
3.184227693934025827e-01
3.184227693934029157e-01
3.184227693934029713e-01
3.184227693934031933e-01
3.184227693934031378e-01
3.184227693934026937e-01
3.184227693934029157e-01
3.184227693934031378e-01
3.184227693934033043e-01
3.184227693934031378e-01
3.184227693934026937e-01
3.184227693934030823e-01
3.184227693934030268e-01
3.184227693934031378e-01
3.184227693934031933e-01
3.184227693934025827e-01
3.184227693934029713e-01
3.184227693934029157e-01
3.184227693934031933e-01
3.184227693934031933e-01
3.184227693934028047e-01
3.184227693934029157e-01
3.184227693934030823e-01
3.184227693934033598e-01
3.184227693934030823e-01
3.184227693934027492e-01
3.184227693934030823e-01
3.184227693934029157e-01
3.184227693934031933e-01
3.184227693934031378e-01
3.184227693934025827e-01
3.184227693934029157e-01
3.184227693934029157e-01
3.184227693934032488e-01
3.184227693934031378e-01
3.184227693934028047e-01
3.184227693934029157e-01
3.184227693934030823e-01
3.184227693934033598e-01
3.184227693934030823e-01
3.184227693934025827e-01
3.184227693934030268e-01
3.184227693934028602e-01
3.184227693934033598e-01
3.184227693934032488e-01
3.184227693934025827e-01
3.184227693934029713e-01
3.184227693934029157e-01
3.184227693934032488e-01
3.184219359905831603e-01
3.184205316275942610e-01
3.184205316275943165e-01
3.184205316275944830e-01
3.184205316275947606e-01
3.184205316275945385e-01
3.184205316275940945e-01
3.184205316275945385e-01
3.184205316275944275e-01
3.184205316275947606e-01
3.184205316275946496e-01
3.184205316275940389e-01
3.184205316275943720e-01
3.184205316275944275e-01
3.184205316275947606e-01
3.184205316275945385e-01
3.184205316275940945e-01
3.184205316275944830e-01
3.184205316275945385e-01
3.184205316275948716e-01
3.184205316275943720e-01
3.184205316275939279e-01
3.184205316275939279e-01
3.184205316275944275e-01
3.184205316275947606e-01
3.184205316275945385e-01
3.184205316275939279e-01
3.184205316275941500e-01
3.184205316275945385e-01
3.184205316275947051e-01
3.184205316275944830e-01
3.184205316275941500e-01
3.184205316275939834e-01
3.184205316275945941e-01
3.184205316275948161e-01
3.184205316275944275e-01
3.184205316275940389e-01
3.184205316275939834e-01
3.184205316275945385e-01
3.184205316275947051e-01
3.184205316275944830e-01
3.184205316275939834e-01
3.184205316275940945e-01
3.184205316275944275e-01
3.184205316275947051e-01
3.184205316275944830e-01
3.184205316275939834e-01
3.184205316275939279e-01
3.184205316275945385e-01
3.184205316275948716e-01
3.184205316275944275e-01
3.184205316275935393e-01
3.184205316275936504e-01
3.184205316275945385e-01
3.184205316275953157e-01
3.184205316275946496e-01
3.184205316275936504e-01
3.184205316275935393e-01
3.184205316275945385e-01
3.184205316275953712e-01
3.184205316275945385e-01
3.184205316275935949e-01
3.184205316275934838e-01
3.184205316275945941e-01
3.184205316275952047e-01
3.184205316275944275e-01
3.184205316275935393e-01
3.184205316275936504e-01
3.184205316275944830e-01
3.184176565115954816e-01
3.184176565115947599e-01
3.184176565115942603e-01
3.184169066315304941e-01
3.184169066315307162e-01
3.184169066315318264e-01
3.184169066315312713e-01
3.184169066315305496e-01
3.184169066315303831e-01
3.184161971029138560e-01
3.184161971029145222e-01
3.184161971029138560e-01
3.184161971029141336e-01
3.184161971029134675e-01
3.184155729308221772e-01
3.184155729308231209e-01
3.184155729308225102e-01
3.184155729308224547e-01
3.184150855232920074e-01
3.184150855232922850e-01
3.184150855232932842e-01
3.184147821950464308e-01
3.184146707451788183e-01
3.184145582823839082e-01
3.184142380083653801e-01
3.184142380083661017e-01
3.184142380083654356e-01
3.184136742612265203e-01
3.184136742612257986e-01
3.184136742612261872e-01
3.184136742612271309e-01
3.184128474767070616e-01
3.184128474767068950e-01
3.184128474767062289e-01
3.184128474767065065e-01
3.184128474767075057e-01
3.184117273125006142e-01
3.184117273125005587e-01
3.184117273124998371e-01
3.184117273125003922e-01
3.184117273125010583e-01
3.184117273125004477e-01
3.184129782832961220e-01
3.184129782832952338e-01
3.184129782832961775e-01
3.184129782832966771e-01
3.184129782832961220e-01
3.184129782832959554e-01
3.184129782832950117e-01
3.184129782832962885e-01
3.184129782832965661e-01
3.184129782832960665e-01
3.184129782832959554e-01
3.184129782832949562e-01
3.184129782832964550e-01
3.184129782832965661e-01
3.184129782832958999e-01
3.184129782832961220e-01
3.184129782832951228e-01
3.184129782832964550e-01
3.184129782832965661e-01
3.184129782832961220e-01
3.184129782832959554e-01
3.184129782832950672e-01
3.184129782832962330e-01
3.184129782832966771e-01
3.184129782832961220e-01
3.184129782832957889e-01
3.184129782832949007e-01
3.184129782832963995e-01
3.184129782832965661e-01
3.184129782832958999e-01
3.184129782832961220e-01
3.183997963203724080e-01
3.183997963203730186e-01
3.183997963203735737e-01
3.183997963203730186e-01
3.183997963203730186e-01
3.183997963203722970e-01
3.183997963203728521e-01
3.183997963203736292e-01
3.183997963203735182e-01
3.183997963203729076e-01
3.183997963203721859e-01
3.183997963203732406e-01
3.183997963203735182e-01
3.183997963203736847e-01
3.183997963203732406e-01
3.183997963203722970e-01
3.183997963203730741e-01
3.183997963203736292e-01
3.183997963203734072e-01
3.183997963203731296e-01
3.183883057280559314e-01
3.183883057280563755e-01
3.183883057280573192e-01
3.183883057280571527e-01
3.183883057280564310e-01
3.183883057280559314e-01
3.183883057280565976e-01
3.183883057280571527e-01
3.183883057280573192e-01
3.183883057280567086e-01
3.183883057280559314e-01
3.183883057280565976e-01
3.183883057280571527e-01
3.183883057280570972e-01
3.183883057280567086e-01
3.183883057280559314e-01
3.183883057280564310e-01
3.183883057280572637e-01
3.183883057280570417e-01
3.183883057280564866e-01
3.183883057280558759e-01
3.183751531004773705e-01
3.183751531004778701e-01
3.183751531004781476e-01
3.183751531004773150e-01
3.183751531004767044e-01
3.183751531004773150e-01
3.183751531004779256e-01
3.183751531004778146e-01
3.183751531004774815e-01
3.183751531004765378e-01
3.183751531004771484e-01
3.183751531004780366e-01
3.183751531004778146e-01
3.183751531004771484e-01
3.183751531004768709e-01
3.183751531004773150e-01
3.183625654631761503e-01
3.183625654631761503e-01
3.183625654631757618e-01
3.183625654631748181e-01
3.183625654631760948e-01
3.183625654631763169e-01
3.183625654631761503e-01
3.183625654631760393e-01
3.183625654631749291e-01
3.183625654631755952e-01
3.183625654631755952e-01
3.183535841522273091e-01
3.183535841522263654e-01
3.183535841522260879e-01
3.183535841522266985e-01
3.183535841522260879e-01
3.183500521111175541e-01
3.183500521111171100e-01
