5.441311470922156612e-01
5.441311470922149951e-01
5.440666645842888727e-01
5.440339371277967961e-01
5.440008824633598694e-01
5.439674931654364665e-01
5.439337625232095741e-01
5.438996977911271236e-01
5.438652963383396877e-01
5.438305355514064798e-01
5.437954401215825406e-01
5.437599738489169443e-01
5.437241606577071229e-01
5.436877027282219776e-01
5.436514487503607551e-01
5.436145440682929042e-01
5.435772811562400442e-01
5.435396150903807344e-01
5.435015843186166151e-01
5.434631686485448254e-01
5.434243903070795634e-01
5.433851817797537009e-01
5.433455976353884775e-01
5.433056149901897003e-01
5.432652295950605170e-01
5.432244394939963472e-01
5.431825904792597637e-01
5.431416208953261382e-01
5.430995868660770665e-01
5.430571301170064036e-01
5.430142452680427612e-01
5.429709287906734350e-01
5.429272119028401011e-01
5.428829853441110576e-01
5.428383497100883748e-01
5.427932629588475555e-01
5.427477244580983795e-01
5.427017273212720871e-01
5.426552607348543722e-01
5.426083396740173370e-01
5.425609870033757387e-01
5.425130634155290732e-01
5.424647069689979562e-01
5.424158611721419110e-01
5.423665270189791388e-01
5.423166936415914074e-01
5.422663618944183472e-01
5.422155201360512322e-01
5.421641681504026922e-01
5.421123014085976743e-01
5.420599122357281363e-01
5.420069939759933897e-01
5.419518661809819005e-01
5.418995591081446905e-01
5.418450347927196153e-01
5.417899497526080799e-01
5.417343160786228795e-01
5.416781248752893241e-01
5.416213669020806254e-01
5.415640471698276448e-01
5.415061330949909602e-01
5.414476441771128856e-01
5.413885685025695560e-01
5.413288990444119486e-01
5.412687211816812338e-01
5.412077487831326028e-01
5.411462589190283445e-01
5.410841502713483742e-01
5.410214175344900678e-01
5.409580530807323040e-01
5.408940512066097162e-01
5.408294056305911202e-01
5.407641093742205918e-01
5.406981459844192317e-01
5.406315401977139778e-01
5.405642545016631217e-01
5.404962903164000076e-01
5.404276449140634764e-01
5.403583049777008762e-01
5.402882688146420920e-01
5.402176682234532956e-01
5.401460780115678872e-01
5.400739049306499950e-01
5.400010110025356136e-01
5.399273812628536673e-01
5.398530104843498600e-01
5.397778906753358807e-01
5.397020159129909400e-01
5.396253790035503428e-01
5.395479691901032826e-01
5.394697815746388736e-01
5.393908059921999065e-01
5.393110386664363709e-01
5.392304674675377774e-01
5.391490861633412290e-01
5.390668852086907270e-01
5.389838592087438096e-01
5.388999950298892783e-01
5.388152886182229206e-01
5.387297289740238249e-01
5.386433107154378064e-01
5.385560218212751549e-01
5.384678551180654971e-01
5.383788012636675502e-01
5.382888510090367840e-01
5.381979968569646777e-01
5.381062290997807862e-01
5.380135345768360944e-01
5.379199113503306817e-01
5.378253450316129447e-01
5.377298273500332737e-01
5.376333485227893227e-01
5.375358958930509523e-01
5.374375082151493510e-01
5.373380501255962116e-01
5.372376287481762658e-01
5.371361989748477672e-01
5.370337481469856789e-01
5.369302669368551939e-01
5.368257440176209538e-01
5.367201698187984427e-01
5.366135343996063511e-01
5.365058257311726697e-01
5.363970307011303174e-01
5.362871464414590283e-01
5.361900887642366831e-01
5.360640450732691020e-01
5.359508082355264325e-01
5.358364299016494803e-01
5.357209055193783431e-01
5.356042156074692917e-01
5.354863539120157112e-01
5.353673041809737798e-01
5.352470609394657242e-01
5.351255996228844181e-01
5.350029241600948726e-01
5.348790121576373346e-01
5.347538528146669190e-01
5.346274358464617737e-01
5.344997523907762949e-01
5.343707722213854039e-01
5.342404998158318818e-01
5.341089184080037855e-01
5.339760116661069755e-01
5.338417680843425828e-01
5.337061751024774203e-01
5.335692185366386342e-01
5.334308804778182811e-01
5.332911545098355521e-01
5.331500219292236720e-01
5.330074706488496794e-01
5.328634812137608145e-01
5.327180467392417240e-01
5.325711447801684262e-01
5.324227719201970466e-01
5.322729017566433241e-01
5.321215261268392727e-01
5.319686250868222999e-01
5.318141874742762232e-01
5.316581960961046516e-01
5.315012537888018640e-01
5.313414887831021671e-01
5.311807420196812402e-01
5.310183776073311712e-01
5.308543699666123938e-01
5.306887324410141105e-01
5.305214187826111649e-01
5.303524218152851910e-01
5.301817231792682605e-01
5.300093094198796706e-01
5.298351594529129294e-01
5.296592574905615303e-01
5.294815876006542243e-01
5.293021287094478167e-01
5.291208634126911559e-01
5.289377778112597239e-01
5.287528497863208665e-01
5.285660595643485449e-01
5.283773906844039248e-01
5.281868230969494205e-01
5.279943401928947067e-01
5.277999202102258147e-01
5.276035437491473079e-01
5.274051920043605346e-01
5.272048447164335849e-01
5.270024822061425418e-01
5.267980832905551081e-01
5.265916262091575595e-01
5.263830954993499178e-01
5.261724655459902866e-01
5.259597168641801934e-01
5.257448299932021563e-01
5.255277769515367403e-01
5.253085420734493471e-01
5.250871013666084108e-01
5.248634341524587299e-01
5.246375154588343026e-01
5.244093243434398977e-01
5.241788376870215593e-01
5.239460322705891127e-01
5.237108849313388825e-01
5.234733716135137049e-01
5.232334685309444344e-01
5.229911536012256112e-01
5.227463992749321608e-01
5.224991836104410092e-01
5.222494802687643878e-01
5.219972651172644085e-01
5.217425118546661356e-01
5.214851966630225100e-01
5.212252924855389491e-01
5.209627738504143402e-01
5.206976140343373416e-01
5.204297868933078774e-01
5.201592637852736623e-01
5.198860204776699634e-01
5.196100283655286090e-01
5.193312592489471857e-01
5.190496864430557133e-01
5.187652803119626732e-01
5.184780134249074024e-01
5.181878559140962182e-01
5.178947793313101178e-01
5.175987555444147015e-01
5.172997515701213134e-01
5.169977417810737164e-01
5.166926918020666726e-01
5.163845752331407413e-01
5.160733562216244241e-01
5.157590065764261489e-01
5.154414947460856933e-01
5.151207890297352376e-01
5.147968572188539316e-01
5.144696682855229852e-01
5.141391834325758081e-01
5.138053648585267918e-01
5.134682125774847616e-01
5.131276555250817717e-01
5.127836721305614187e-01
5.124362285366055314e-01
5.120852879811756964e-01
5.117308192838686542e-01
5.113727829969101357e-01
5.110111398845794684e-01
5.106458677103924426e-01
5.102769250680576629e-01
5.099042559173605493e-01
5.095278437412587014e-01
5.091476460202154497e-01
5.087636225796672296e-01
5.084730717543808343e-01
5.079839587874233064e-01
5.075882162245696216e-01
5.071877200166797772e-01
5.067847723645590996e-01
5.063769774557597136e-01
5.059650812856708590e-01
5.055490394732158332e-01
5.051288126998686456e-01
5.047043590577499073e-01
5.042756333574204275e-01
5.038425975396777501e-01
5.034052041845165082e-01
5.029634112928565992e-01
5.025171714186789096e-01
5.020664439165950510e-01
5.016111819733680699e-01
5.011513357811316904e-01
5.006868523401288851e-01
5.002177300183681119e-01
4.997438695109913676e-01
4.992652418381526847e-01
4.987817979723137563e-01
4.982934915983814883e-01
4.978002727296436114e-01
4.973020911325998772e-01
4.967988984283522869e-01
4.962906432234157617e-01
4.957772747229892141e-01
4.952587414152667122e-01
4.947349924029205148e-01
4.942225856815515850e-01
4.936716326275195632e-01
4.931319195803721689e-01
4.925867704956573001e-01
4.920361404619936208e-01
4.914799698196852251e-01
4.909182050704801736e-01
4.903507854654619025e-01
4.897776628953807720e-01
4.891987724759654932e-01
4.886140582616340655e-01
4.880234704583637506e-01
4.874269221635464389e-01
4.868243826536234331e-01
4.862157814325090976e-01
4.856010575177404087e-01
4.849801482960633958e-01
4.843529935761956007e-01
4.837195288923142877e-01
4.830796915509191214e-01
4.824334177198014717e-01
4.817806415624035776e-01
4.811212989354231584e-01
4.804553220513265721e-01
4.797826463499479943e-01
4.791032033482335861e-01
4.784169234243870195e-01
4.777237408789468676e-01
4.770235847287470077e-01
4.763163848174293280e-01
4.756020717968734712e-01
4.748805683135455813e-01
4.741514506882325009e-01
4.734157174971820869e-01
4.726722206395047587e-01
4.719212440210308057e-01
4.711627145338295741e-01
4.703965492792990810e-01
4.696226808560343691e-01
4.688471621644059728e-01
4.680515057883053442e-01
4.672540437694203130e-01
4.664485603079632781e-01
4.656349712941816321e-01
4.648131984932696303e-01
4.639831590284328455e-01
4.631447703098649504e-01
4.622978385634145537e-01
4.614425981072982630e-01
4.605786490016073320e-01
4.597060077623231766e-01
4.588245984133958455e-01
4.579343004513592996e-01
4.570350572702167602e-01
4.561267664699275026e-01
4.552093364879979953e-01
4.542826794977635751e-01
4.533467002582116101e-01
4.524013038609927539e-01
4.514463962820213783e-01
4.504818820738317187e-01
4.495076654218779222e-01
4.485238885760979288e-01
4.475297276809865332e-01
4.465258126176613884e-01
4.455117968320336241e-01
4.444875786222241554e-01
4.434530568012950980e-01
4.424081277482395103e-01
4.413526865646403841e-01
4.402866272059976493e-01
4.392098426377142872e-01
4.381222262061882922e-01
4.370236668245249256e-01
4.359140568702889462e-01
4.347932826644263504e-01
4.336612334980177730e-01
4.325177927849520043e-01
4.313447172880669478e-01
4.301962951885494046e-01
4.290179992625284267e-01
4.278278496477961323e-01
4.266257261831953862e-01
4.254115096978496879e-01
4.241850772194103447e-01
4.229463069410932530e-01
4.216950740155073762e-01
4.204312521715115603e-01
4.191547189428364573e-01
4.178653416279296540e-01
4.165629927108273067e-01
4.152475418990522193e-01
4.139201618166450380e-01
4.125767857785229697e-01
4.112212533897921518e-01
4.098520645074087421e-01
4.084690991423232109e-01
4.070722215052478554e-01
4.056612913427684597e-01
4.042361656631868749e-01
4.027967041477504284e-01
4.013427605879667515e-01
3.998741884475716657e-01
3.983908468222263632e-01
3.968925787218529067e-01
3.953792376284578913e-01
3.938506724726554831e-01
3.923067301104549709e-01
3.907472534010200116e-01
3.891720894620318560e-01
3.875810794434819129e-01
3.859740624403457110e-01
3.843508785447391496e-01
3.827113655307775031e-01
3.810553579991646234e-01
3.793826890125254203e-01
3.776931939768686242e-01
3.759867021501877571e-01
3.742630449526284098e-01
3.725220448705707232e-01
3.707635298423644921e-01
3.689873236627678743e-01
3.671932497450364208e-01
3.653811154469548961e-01
3.635507664793866667e-01
3.617020086694744951e-01
3.598346340895691720e-01
3.579484784116249707e-01
3.560433513282404983e-01
3.541190576987055527e-01
3.521754017097962763e-01
3.502121945503786637e-01
3.482292362189989277e-01
3.462263294679628900e-01
3.442032721493927805e-01
3.421598621777206528e-01
3.400958961804660396e-01
3.380111642694411667e-01
3.359054610627693616e-01
3.337785740554167213e-01
3.316302878275719235e-01
3.294603905380344977e-01
3.272686633335794015e-01
3.250548873147698359e-01
3.228188395340412242e-01
3.205602970603633750e-01
3.182790324373914181e-01
3.159748180308051824e-01
3.136474222787848376e-01
3.112966122506202749e-01
3.089221524948946307e-01
3.065238050082215171e-01
3.041013298148845245e-01
3.016544830486915241e-01
2.991830214977926339e-01
2.966866953066044088e-01
2.940068261606595401e-01
2.916184501733533607e-01
2.890460227537322013e-01
2.864477149789403376e-01
2.838232710298301820e-01
2.811724196252998187e-01
2.784949049306397750e-01
2.757904483706291043e-01
2.730587870001303652e-01
2.702996436081092635e-01
2.675127430018410246e-01
2.646978049933806365e-01
2.618545510791416286e-01
2.589826887747231354e-01
2.560819367909512034e-01
2.531520016801944717e-01
2.501925915480366913e-01
2.472034080664512190e-01
2.441841526555045550e-01
2.411345230141481999e-01
2.380542131317957277e-01
2.349429097835916413e-01
2.318003150932922973e-01
2.286261014352913290e-01
2.254199529188564421e-01
2.221815501391567194e-01
2.189105678416200795e-01
2.156066796950168174e-01
2.122695520341576769e-01
2.088988697258672422e-01
2.054942446825734625e-01
2.020553821796380600e-01
1.985819272293273818e-01
1.950735248636326913e-01
1.915298273892777903e-01
1.879504810883579347e-01
1.843351247929922165e-01
1.806833979494949227e-01
1.769949327954547513e-01
1.732693615957343336e-01
1.695063091504797337e-01
1.657054005370816874e-01
1.618662810186357048e-01
1.579884803654217629e-01
1.540716988492399075e-01
1.501155129769808361e-01
1.461195260397054052e-01
1.420833391413413860e-01
1.380065480367288211e-01
1.338887414993768232e-01
1.297295091207906481e-01
1.255284337070880218e-01
1.212850955900219851e-01
1.169990656924757011e-01
1.126699168635023340e-01
1.082972228253596958e-01
1.038978697013835106e-01
9.941940671636731452e-02
9.491340390461742993e-02
9.036207372599625032e-02
8.576466425821889505e-02
7.406878430090330090e-02
7.406878430090332865e-02
5.472984023789683183e-01
5.472984023789685404e-01
5.472978570077742244e-01
5.472975904159357308e-01
5.472974097100655744e-01
5.472971891207010220e-01
5.472969588269186447e-01
5.472967323425336206e-01
5.472964752424652746e-01
5.472962645927650360e-01
5.472960241714105445e-01
5.472957777438421934e-01
5.472955388227505047e-01
5.472952964562368683e-01
5.472950453139181493e-01
5.472947917154725728e-01
5.472945180375691221e-01
5.472942844093114934e-01
5.472940344757539766e-01
5.472937741047497751e-01
5.472935103072356089e-01
5.472932414594243733e-01
5.472929785849904860e-01
5.472927152348749935e-01
5.472924253047343202e-01
5.472921448415783985e-01
5.472918686912024988e-01
5.472915910362318170e-01
5.472913160609227390e-01
5.472910182690142733e-01
5.472907480176526507e-01
5.472904350245535454e-01
5.472901345084324465e-01
5.472898156564541816e-01
5.472895366184621357e-01
5.472892318955657753e-01
5.472889258865933915e-01
5.472886217513249774e-01
5.472883085637807454e-01
5.472879901481109144e-01
5.472876622907446587e-01
5.472872965555741764e-01
5.472869813453096199e-01
5.472866922428292202e-01
5.472863412569394237e-01
5.472860120477052170e-01
5.472856813843574031e-01
5.472852779310002358e-01
5.472849979944299781e-01
5.472846195734953900e-01
5.472842553771580798e-01
5.472839022746744941e-01
5.472833921291996306e-01
5.472831925209078463e-01
5.472828283373724068e-01
5.472824487768211954e-01
5.472820686005216428e-01
5.472816789939369819e-01
5.472812941905373929e-01
5.472809199056636320e-01
5.472805195107621756e-01
5.472801184885475179e-01
5.472797476223942859e-01
5.472793364923085324e-01
5.472789163305792348e-01
5.472785169934840654e-01
5.472780678244160146e-01
5.472776614372529824e-01
5.472772529756007032e-01
5.472768219237209575e-01
5.472764019001679081e-01
5.472759289825133155e-01
5.472754975927953680e-01
5.472750463417326294e-01
5.472745913955451291e-01
5.472741468794650732e-01
5.472736707713133919e-01
5.472732578724112118e-01
5.472727345817776090e-01
5.472722531063060059e-01
5.472717941346980641e-01
5.472713067757183358e-01
5.472708388033756810e-01
5.472704501406671085e-01
5.472698226138658084e-01
5.472693268455496307e-01
5.472688128656926221e-01
5.472682992219223275e-01
5.472677749581370543e-01
5.472672264230945549e-01
5.472667242480276917e-01
5.472661751943170838e-01
5.472656556233832514e-01
5.472650727391302761e-01
5.472642524093670469e-01
5.472639945767291403e-01
5.472634394624613652e-01
5.472628863332410498e-01
5.472623020922666726e-01
5.472617184585381045e-01
5.472611282101902397e-01
5.472605372885255282e-01
5.472599532562267832e-01
5.472593358237561878e-01
5.472587209460056945e-01
5.472580818129378910e-01
5.472574812116448584e-01
5.472568775444548450e-01
5.472562196189720840e-01
5.472556197365022745e-01
5.472549789505236628e-01
5.472542832568426663e-01
5.472536394475681076e-01
5.472529659970727378e-01
5.472523145242971232e-01
5.472517019036879926e-01
5.472509431102418054e-01
5.472502125929736838e-01
5.472495381477018306e-01
5.472488330496814157e-01
5.472481123787219515e-01
5.472473850404987461e-01
5.472466533939134292e-01
5.472459626744226036e-01
5.472451641436953951e-01
5.472444368248901014e-01
5.472438085525723750e-01
5.472428965444896543e-01
5.472421372722842126e-01
5.472413170938024152e-01
5.472404121592924220e-01
5.472397377689572906e-01
5.472389423189842894e-01
5.472381132825202554e-01
5.472372829011384887e-01
5.472364624954331180e-01
5.472356450234374670e-01
5.472347858995437742e-01
5.472339463465616394e-01
5.472330704060083262e-01
5.472322134188305487e-01
5.472313102166128651e-01
5.472304455496627140e-01
5.472295300762236581e-01
5.472286420345523483e-01
5.472277060203303289e-01
5.472267646092813242e-01
5.472258376746400588e-01
5.472249056896314467e-01
5.472239248523875776e-01
5.472229831219943552e-01
5.472219790123071803e-01
5.472210418085808881e-01
5.472200209053655895e-01
5.472188410538350034e-01
5.472188350565454495e-01
5.472170183253651787e-01
5.472158558211537294e-01
5.472148599744244279e-01
5.472138334526037706e-01
5.472133808256853804e-01
5.472117064945567488e-01
5.472105973620894348e-01
5.472095024158332155e-01
5.472083980487281174e-01
5.472061479843562948e-01
5.472061328959428872e-01
5.472049853967593247e-01
5.472037948006549524e-01
5.472022824671715080e-01
5.472014634914676989e-01
5.472001605269066760e-01
5.471991915096034997e-01
5.471978950354130511e-01
5.471966491742275007e-01
5.471953849773910639e-01
5.471941613501931645e-01
5.471928744957088586e-01
5.471916003358729963e-01
5.471903133945450470e-01
5.471890135435143465e-01
5.471877006532848142e-01
5.471864034830662415e-01
5.471850352307364718e-01
5.471837946741769931e-01
5.471824289796595187e-01
5.471807843940961202e-01
5.471795132709025289e-01
5.471781491795523200e-01
5.471766719001260881e-01
5.471753001717178932e-01
5.471737510391319059e-01
5.471722940235147492e-01
5.471708340069376675e-01
5.471692952990052650e-01
5.471678576070957423e-01
5.471663058121341017e-01
5.471646897840456436e-01
5.471631705170424409e-01
5.471616114188434521e-01
5.471600022661269325e-01
5.471584228165412567e-01
5.471571852352778986e-01
5.471550835857796891e-01
5.471536593465112785e-01
5.471517818721464144e-01
5.471501708759854976e-01
5.471484065134494257e-01
5.471466296588278766e-01
5.471449293948111858e-01
5.471430864420367968e-01
5.471413710348973503e-01
5.471395941117124240e-01
5.471377528482395114e-01
5.471358844864311344e-01
5.471340760826614025e-01
5.471322745852580383e-01
5.471302550723214919e-01
5.471283891728654369e-01
5.471265581766823205e-01
5.471245898955000575e-01
5.471226005134851578e-01
5.471205885524290657e-01
5.471190573939990198e-01
5.471166368751800846e-01
5.471145729580649819e-01
5.471124276248231499e-01
5.471104116284936092e-01
5.471083853410831921e-01
5.471061512371514501e-01
5.471041633451523278e-01
5.471018173058502798e-01
5.470993968779562788e-01
5.470974607684093716e-01
5.470951314576172342e-01
5.470929082660989096e-01
5.470907232070956194e-01
5.470882665682922363e-01
5.470860016710277218e-01
5.470835612999463970e-01
5.470812733494236912e-01
5.470790061076854505e-01
5.470764456868653092e-01
5.470740127253163054e-01
5.470715249691271431e-01
5.470690051713378299e-01
5.470655700299631441e-01
5.470639677605161344e-01
5.470613159692541139e-01
5.470581401572528479e-01
5.470562580780534701e-01
5.470534309319792232e-01
5.470504756061437268e-01
5.470482391418847179e-01
5.470454270030247201e-01
5.470426133731240981e-01
5.470398595747059112e-01
5.470370003721879426e-01
5.470341554779329929e-01
5.470313220570162116e-01
5.470283939662422545e-01
5.470255297716638543e-01
5.470224563214305391e-01
5.470195023357925512e-01
5.470168333432797736e-01
5.470132814670312094e-01
5.470102106008941645e-01
5.470073073589323265e-01
5.470035115694034111e-01
5.470010676534332594e-01
5.469975137832763235e-01
5.469944376750910386e-01
5.469910563740827403e-01
5.469876797581347816e-01
5.469845348473607594e-01
5.469811417568536394e-01
5.469778894990268148e-01
5.469743683250206656e-01
5.469707257793832156e-01
5.469673826335407218e-01
5.469636879856829559e-01
5.469602933186429317e-01
5.469567665358188169e-01
5.469529419090242151e-01
5.469492291628909042e-01
5.469453211254752256e-01
5.469417942467195148e-01
5.469380541061946710e-01
5.469346407908248775e-01
5.469302062097767259e-01
5.469263820819655342e-01
5.469228435308274294e-01
5.469184170387992872e-01
5.469142220288922829e-01
5.469101026915449415e-01
5.469060328413095640e-01
5.469019981923665119e-01
5.468973587233321165e-01
5.468935507863824652e-01
5.468892054401180980e-01
5.468848547652744863e-01
5.468804735320178523e-01
5.468759929714380741e-01
5.468716426514721451e-01
5.468672372742532373e-01
5.468625939158787697e-01
5.468579237850477170e-01
5.468535382589446714e-01
5.468487020981127600e-01
5.468440357224103598e-01
5.468391646676701301e-01
5.468343688430550298e-01
5.468291109361405056e-01
5.468235657411362194e-01
5.468193461376713582e-01
5.468143405740037988e-01
5.468092430486367617e-01
5.468041146013660203e-01
5.467989576507809035e-01
5.467940225721676928e-01
5.467883195285335729e-01
5.467831878722073657e-01
5.467777920040945983e-01
5.467722549080397121e-01
5.467667139776591911e-01
5.467611016816537051e-01
5.467556180525902088e-01
5.467521907400173520e-01
5.467439429851012056e-01
5.467383239787036997e-01
5.467326168214647897e-01
5.467179004282808341e-01
5.467176154211965677e-01
5.467176154211964567e-01
5.467076947017478483e-01
5.467020046781062570e-01
5.466961862681029016e-01
5.466898024692213864e-01
5.466834816456651591e-01
5.466770974159684826e-01
5.466706491441094551e-01
5.466641361876853900e-01
5.466578292757883206e-01
5.466511861623747359e-01
5.466440511804262492e-01
5.466371491744778099e-01
5.466300982541518749e-01
5.466235204046688834e-01
5.466163293434425086e-01
5.466109116166161241e-01
5.466024528933991489e-01
5.465949459448883330e-01
5.465879054894975386e-01
5.465804645065195366e-01
5.465729625921372792e-01
5.465654052284536490e-01
5.465577976430816554e-01
5.465500364795039534e-01
5.465421899590738875e-01
5.465347070754972281e-01
5.465266966553429251e-01
5.465196392820079740e-01
5.465100787156206286e-01
5.465025962625913447e-01
5.464943269362266820e-01
5.464891587417634033e-01
5.464778792192305223e-01
5.464695823535186125e-01
5.464603921189121749e-01
5.464519574872852559e-01
5.464429948651691182e-01
5.464343052551808855e-01
5.464246808307823278e-01
5.464163562359017901e-01
5.464062983953282826e-01
5.463981166196295591e-01
5.463891797916901050e-01
5.463790088772880749e-01
5.463701220930172742e-01
5.463609973951867316e-01
5.463504672672034879e-01
5.463411888732636612e-01
5.463316107745810335e-01
5.463215200268896066e-01
5.463116045900222595e-01
5.463013659562563351e-01
5.462907234351964680e-01
5.462807225257906296e-01
5.462698917718910030e-01
5.462596744840639840e-01
5.462491824530032458e-01
5.462380880026455054e-01
5.462265292805593697e-01
5.462164761893518738e-01
5.462051709045864234e-01
5.461946894444761336e-01
5.461825386200366284e-01
5.461708290887343775e-01
5.461591711399329530e-01
5.461476272098547691e-01
5.461363328658452865e-01
5.461243386630272312e-01
5.461123316685148055e-01
5.461004337784640672e-01
5.460909914910022644e-01
5.460755455897974286e-01
5.460618536437424897e-01
5.460527478814075630e-01
5.460371698798188733e-01
5.460239239829932645e-01
5.460115657989490501e-01
5.459980539636348773e-01
5.459852676792449344e-01
5.459720222480208829e-01
5.459582175515169666e-01
5.459339880843463444e-01
5.459340807518501260e-01
5.459162250072981948e-01
5.459024327232259166e-01
5.458882132541184040e-01
5.458740715830933121e-01
5.458593089682090005e-01
5.458443958098623261e-01
5.458297417441163590e-01
5.458159440644607674e-01
5.457988813977934228e-01
5.457841010118239522e-01
5.457705422480999546e-01
5.457528657225999558e-01
5.457382913850475914e-01
5.457219589786227454e-01
5.457054015370851330e-01
5.456921676020705103e-01
5.456729846774395210e-01
5.456565815479427206e-01
5.456394434438950336e-01
5.456224992187763689e-01
5.456051616630798184e-01
5.455863383137713463e-01
5.455712730475482664e-01
5.455533043155803563e-01
5.455356411632056313e-01
5.455177218338763678e-01
5.454995502708314126e-01
5.454812064917518022e-01
5.454623241634480868e-01
5.454442491975228791e-01
5.454256951356861727e-01
5.454055498125428558e-01
5.453867635235825073e-01
5.453677928760457538e-01
5.453480464894115975e-01
5.453262474325644149e-01
5.453096425082559762e-01
5.452870344409205261e-01
5.452668448190892692e-01
5.452467273938542691e-01
5.452174372953209058e-01
5.452042515470546524e-01
5.451832458189056485e-01
5.451612921470708750e-01
5.451403421246725500e-01
5.451175946225395030e-01
5.450962427361358831e-01
5.450743886395670312e-01
5.450513539714143540e-01
5.450325545575569475e-01
5.450053752651695671e-01
5.449824397531995990e-01
5.449583020212236395e-01
5.449300237666269142e-01
5.449104162311716459e-01
5.448853652587326568e-01
5.448622284916855296e-01
5.448371006267458405e-01
5.448121589159281575e-01
5.447883555260212285e-01
5.447612510986826750e-01
5.447306219291467855e-01
5.447096776018772735e-01
5.446823306188088853e-01
5.446576208202758007e-01
5.446338442687345127e-01
5.446029919417040288e-01
5.445743833202418838e-01
5.445514833314971659e-01
5.445206705064742359e-01
5.444925446662522983e-01
5.444629152519360193e-01
5.444348784523523888e-01
5.444065665146360367e-01
5.443758785958003887e-01
5.443473145024619875e-01
5.443177260749965107e-01
5.442870662855459063e-01
5.442559552682999513e-01
5.442246519925659776e-01
5.441941740356259771e-01
5.441311470922161053e-01
5.441311470922157723e-01
