2.000148055644969780e+00
2.000167004190986031e+00
2.000189661675890296e+00
2.000216749868120925e+00
2.000249130294893263e+00
2.000287831428108731e+00
2.000334080588783259e+00
2.000389342370693324e+00
2.000455364083716159e+00
2.000488183634733463e+00
2.000628427546009558e+00
2.000740920371111287e+00
2.000875243481773591e+00
2.001035610194978442e+00
2.001227041203382129e+00
2.001455517414749252e+00
2.001728567083003618e+00
2.002053835296813133e+00
2.002441838344782177e+00
2.002904576591652663e+00
2.003456315465347970e+00
2.004114002241767167e+00
2.004897756884477911e+00
2.005831446020233777e+00
2.006943354879078711e+00
2.008266969990343931e+00
2.009841885873516976e+00
2.011714853973704642e+00
2.013940982794550028e+00
2.016583567417308931e+00
2.019720606081957026e+00
2.023445262124600852e+00
2.027850180194723517e+00
2.033068706645499546e+00
2.039234304830008337e+00
2.046508371362084411e+00
2.055073772303042112e+00
2.065141507286830436e+00
2.076945272524759911e+00
2.090744976302325142e+00
2.106824233060985652e+00
2.125486483249959146e+00
2.147046136103370806e+00
2.171818657647802908e+00
2.200098017744950063e+00
2.232139185366053269e+00
2.268118756474641451e+00
2.308082500037179408e+00
2.351912629613911676e+00
2.399254237994474348e+00
2.449456321797115255e+00
2.501534077779680398e+00
2.554102977469249414e+00
2.605421198872668320e+00
2.653413479462260582e+00
2.695816611608788271e+00
2.730366351246494183e+00
2.755048418944758382e+00
2.768361784605954057e+00
2.769558716667032794e+00
2.758782205281671285e+00
2.737048493208231292e+00
2.706130144302610230e+00
2.668264667681544910e+00
2.625850564200301385e+00
2.581147325550749549e+00
2.536044293407307304e+00
2.491982201416560461e+00
2.449951824055660143e+00
2.410486592908223535e+00
2.373533057103000221e+00
2.340226290482328331e+00
2.309117066019980680e+00
2.282008433716934626e+00
2.252139337078940429e+00
2.233641509909891187e+00
2.212448274429720918e+00
2.193361890243891388e+00
2.176004210633465163e+00
2.160400516400380777e+00
2.146077953259157400e+00
2.133101614264711898e+00
2.121366414550407864e+00
2.111041261204714026e+00
2.101103463660484394e+00
2.092070717681035585e+00
2.083972236231156572e+00
2.078329465983875135e+00
2.071146756438870362e+00
2.065819846967418272e+00
2.060215670643665398e+00
2.051996834228684730e+00
2.047553225706832514e+00
2.037604908687725036e+00
2.034316048439758884e+00
2.031350973219037570e+00
2.028682192046636246e+00
2.026285051540066551e+00
2.024138664436185397e+00
2.022227882357118478e+00
