2.000037125729425380e+00
2.000040318133013084e+00
2.000044123902048110e+00
2.000048661772004799e+00
2.000054073552722134e+00
2.000060528666566473e+00
2.000068229488381366e+00
2.000077417808801439e+00
2.000088382525593733e+00
2.000101289189969211e+00
2.000116910921386104e+00
2.000135559912626260e+00
2.000157825443759751e+00
2.000184411901716697e+00
2.000216161341847432e+00
2.000254080469642481e+00
2.000299372967421885e+00
2.000353478171816413e+00
2.000418117385092120e+00
2.000495429389179236e+00
2.000587712734719581e+00
2.000697996517160515e+00
2.000828953777870733e+00
2.000987466275290227e+00
2.001175797604124451e+00
2.001400950183957583e+00
2.001670147347392792e+00
2.001992032843050051e+00
2.002375444564425511e+00
2.002835161281537157e+00
2.003387969367017796e+00
2.004046558606850326e+00
2.004834142708876943e+00
2.005776164809279560e+00
2.006902999661141607e+00
2.008250164730325693e+00
2.009861678193812562e+00
2.011788626364529708e+00
2.014092140502460104e+00
2.016844639616107493e+00
2.020132682741036856e+00
2.024058279191526033e+00
2.028741634680506944e+00
2.034323919587415652e+00
2.040970494287252190e+00
2.048873308638820223e+00
2.058252961264666059e+00
2.069362457838729963e+00
2.082482292332564988e+00
2.097941282770520388e+00
2.116081456380964010e+00
2.137268701638959101e+00
2.161887677303691024e+00
2.190322916128847996e+00
2.222925193073193917e+00
2.259970006470457982e+00
2.301723588457408098e+00
2.348163152083142080e+00
2.399247911038738579e+00
2.454621347166648260e+00
2.513743379789428189e+00
2.575695057989238368e+00
2.639370130123045666e+00
2.703584095542943100e+00
2.766944433740022191e+00
2.827778607441294501e+00
2.884909792416697094e+00
2.936950798540213015e+00
2.983012840656665610e+00
3.022273410767655655e+00
3.054235721992318187e+00
3.078653487797984756e+00
3.095468922522149224e+00
3.105405163080230402e+00
3.107186991386370778e+00
3.104633525785251535e+00
3.090903689972605672e+00
3.077172604777398845e+00
3.050496430189456820e+00
3.024746678635891417e+00
2.994880523280234019e+00
2.962006509065373105e+00
2.928723233250271729e+00
2.890403248805180070e+00
2.851869186446488680e+00
2.812470190491793698e+00
2.768260505271577188e+00
2.731066790736275784e+00
2.690541598203350482e+00
2.651192297325940306e+00
2.612928622955148494e+00
2.573032729362679127e+00
2.537231968162356743e+00
2.502236052274946054e+00
2.469750208844873729e+00
2.418119883839831452e+00
2.391060378562587907e+00
2.364662422545024789e+00
2.343042875805535274e+00
2.317690989305646099e+00
