1.941192114281642178e+00
1.935857505004652479e+00
1.930052668452394649e+00
1.923738855274820692e+00
1.916874683989712835e+00
1.909416082826693950e+00
1.901316267130445992e+00
1.892525757261488195e+00
1.882992445428478767e+00
1.872661735448260867e+00
1.861476771851303225e+00
1.849378767698985904e+00
1.836307476566038321e+00
1.822201825611639014e+00
1.807000754533732101e+00
1.790641880767183780e+00
1.773071210712261481e+00
1.754233788474267808e+00
1.734082437650503294e+00
1.712578885127531647e+00
1.689696954639484439e+00
1.665426400398942075e+00
1.639777475565791898e+00
1.612786309031589482e+00
1.584521152924011300e+00
1.555089526385347920e+00
1.524646237569414309e+00
1.493402183352609214e+00
1.461633706396543220e+00
1.429692157244104145e+00
1.398023681101756566e+00
1.367136173567450985e+00
1.337664256609526037e+00
1.310316298600919138e+00
1.285942122793106490e+00
1.265431252167493970e+00
1.249749655778870761e+00
1.239893117989213867e+00
1.236842752768391840e+00
1.241509361252841614e+00
1.254669747964927362e+00
1.276900527288419074e+00
1.308517687822089215e+00
1.349531631159263778e+00
1.399627279748452136e+00
1.458176341409754162e+00
1.524283367358438612e+00
1.596860694378312129e+00
1.674720643975855294e+00
1.756669326124733477e+00
1.841586273250447103e+00
1.926897711732955099e+00
2.014700038456572084e+00
2.103683469677157802e+00
2.191538295979969408e+00
2.279024407540261699e+00
2.365531423213487194e+00
2.450617031554199521e+00
2.534020183873112675e+00
2.615717246786454897e+00
2.695554083853327842e+00
2.778488700361908759e+00
2.758839653179927520e+00
2.921373676980688838e+00
2.989266213157856455e+00
3.056123928128298584e+00
3.120774410251542896e+00
3.183709682953590914e+00
3.238758493596317845e+00
3.294687803774500878e+00
3.348169279934453346e+00
3.375289811401776863e+00
3.419247140096235871e+00
3.460352951819236633e+00
3.498677467994113943e+00
3.539469797027481768e+00
3.574828591758240748e+00
3.606563118283595326e+00
3.635076300999610766e+00
3.661928164567088029e+00
3.686861682473312918e+00
3.709279389867799814e+00
3.730356084717554754e+00
3.749645767189798473e+00
3.767239437209451314e+00
3.593194098945112103e+00
3.797582544827870610e+00
3.808610624866835437e+00
3.821761035797482720e+00
3.831143833783321462e+00
3.838490419969307954e+00
3.843497359407450187e+00
3.841554655210861480e+00
3.844337864919706416e+00
3.843290486059570465e+00
3.838465364177934269e+00
3.835523821709053482e+00
3.837344230067301076e+00
3.844448791601972726e+00
3.863725854924066727e+00
