1.999265726625723660e+00
1.999198198772944135e+00
1.999124535936060543e+00
1.999044203291721500e+00
1.998956596382745809e+00
1.998861087431225370e+00
1.998756988685008062e+00
1.998643202947012254e+00
1.998519620467594571e+00
1.998385041681250307e+00
1.998238566519273673e+00
1.998079559213879586e+00
1.997906185266754786e+00
1.997717713909349824e+00
1.997512895963371227e+00
1.997290477772688755e+00
1.997049093123397956e+00
1.996787821056213996e+00
1.996504077169937608e+00
1.996196916607298810e+00
1.995864747200943867e+00
1.995505426300720364e+00
1.995118371222646347e+00
1.994701424825759073e+00
1.994252937668363757e+00
1.993771455934880033e+00
1.993255642836495811e+00
1.992704296172912226e+00
1.992116786567841302e+00
1.991492649443453722e+00
1.990832164503532731e+00
1.990136117577823827e+00
1.989406448414547723e+00
1.988646278103296305e+00
1.987860243290585860e+00
1.987054895550832700e+00
1.986239275743049371e+00
1.985424993113768410e+00
1.984627614585035893e+00
1.983866873119293661e+00
1.983167857373553389e+00
1.982562089940661521e+00
1.982088315918753674e+00
1.981794155247409428e+00
1.981737472071740447e+00
1.981987437498378801e+00
1.982626657419054306e+00
1.983751616202411583e+00
1.985473833079771655e+00
1.987920062354431527e+00
1.991230112260084617e+00
1.995557066632849486e+00
2.001059485252908665e+00
2.007895904099002760e+00
2.016213235168624607e+00
2.026136407022599339e+00
2.037746669325736892e+00
2.051066330588684039e+00
2.066038273907482292e+00
2.082510394692170586e+00
2.100216031218335999e+00
2.118808279803462646e+00
2.137822666163938568e+00
2.156735448461660543e+00
2.174994294619389645e+00
2.192062583743770166e+00
2.207463638367529679e+00
2.220819836967734329e+00
2.231869707340706999e+00
2.240482939219599068e+00
2.246634158530559144e+00
2.250487654161804851e+00
2.252020982554375994e+00
2.251659409803461021e+00
2.248929916492258929e+00
2.247141379569546960e+00
2.229165105723927454e+00
2.233319901264584573e+00
2.225905882230556632e+00
2.217754564138270990e+00
2.208972627697226354e+00
2.199969477679860841e+00
2.190965322509054847e+00
2.180926181655991947e+00
2.171382282291739685e+00
2.162002392411235707e+00
2.153443246020475765e+00
2.144288939704018127e+00
2.135552741237976448e+00
2.127190196198463834e+00
2.119292631285892181e+00
2.109063391777362018e+00
2.101561525993301149e+00
2.094433431110767962e+00
2.086388343227520537e+00
2.081570050159205820e+00
2.075580858270820173e+00
2.069945959419448034e+00
2.064682460657095930e+00
2.059759780909092619e+00
