1.995718851318502463e+00
1.995325286444217694e+00
1.994895985833219143e+00
1.994427792277852163e+00
1.993917254016254859e+00
1.993360027986817107e+00
1.992753474728131913e+00
1.992092732612884998e+00
1.991373079686474368e+00
1.990589848188085931e+00
1.989737721154785532e+00
1.988809415916117151e+00
1.987799922867905966e+00
1.986702687144230595e+00
1.985510747002478205e+00
1.984216723893250434e+00
1.982812170566936372e+00
1.981290435581061438e+00
1.979642204221646384e+00
1.977858870284864290e+00
1.975931316990744202e+00
1.973850921285714710e+00
1.971607889433134808e+00
1.969193718290480621e+00
1.966600143554750879e+00
1.963819231891360539e+00
1.960845329580355623e+00
1.957673324058629039e+00
1.954300375807458634e+00
1.950727214740250792e+00
1.946958069313548423e+00
1.943002873398838481e+00
1.938876795006699405e+00
1.934604186557724370e+00
1.930218499565508505e+00
1.925766294745581142e+00
1.921309215596274322e+00
1.916926639092769724e+00
1.912719798434659779e+00
1.908815733819562599e+00
1.905369978617715843e+00
1.902573132128908329e+00
1.900652671154764661e+00
1.899876497461008507e+00
1.900549868994936276e+00
1.903033405102148024e+00
1.907711829656159708e+00
1.915002839870673101e+00
1.925338308637956075e+00
1.939142914707292720e+00
1.956805310326851011e+00
1.978642169835874043e+00
2.004857940644853898e+00
2.035503290957600964e+00
2.070437735589006234e+00
2.109304733791649955e+00
2.151525049807775147e+00
2.196314281290260517e+00
2.242725735419363264e+00
2.289715071124445167e+00
2.336217550697258449e+00
2.381224734422042744e+00
2.423852857319390264e+00
2.463379480321439718e+00
2.499261378571370429e+00
2.531114613342693165e+00
2.558777012975730347e+00
2.582048698511204776e+00
2.601612742026788716e+00
2.616397442265630868e+00
2.625923304148319648e+00
2.609491985386390489e+00
2.635538371388714829e+00
2.634982073702945904e+00
2.631066614823778682e+00
2.624229051878821384e+00
2.614534301143457196e+00
2.602603039419308484e+00
2.588018493030779688e+00
2.571933024511980470e+00
2.556119458398456334e+00
2.536907927214344216e+00
2.517237756542903604e+00
2.496654875234267212e+00
2.475768304589896385e+00
2.446596661243174875e+00
2.424544092530290573e+00
2.402579237039625060e+00
2.380524886865577727e+00
2.360154189607407194e+00
2.336151731317454683e+00
2.318778108237504298e+00
2.299003759935171587e+00
2.279961504710029008e+00
2.261694205777704081e+00
2.244240501384939357e+00
2.227590769813619254e+00
2.185215793462717659e+00
2.197048214764718121e+00
2.183229789915132280e+00
