2.000748267613257969e+00
2.000818516268369596e+00
2.000895428948056942e+00
2.000979651382654101e+00
2.001071886769851815e+00
2.001172933866933068e+00
2.001283647581170388e+00
2.001404979843214083e+00
2.001538351562372142e+00
2.001684202334910623e+00
2.001844175636736001e+00
2.002019233353628636e+00
2.002211815086893498e+00
2.002422903335220994e+00
2.002655447061237659e+00
2.002910592233114961e+00
2.003191066113025887e+00
2.003499253353204779e+00
2.003838507424224424e+00
2.004212245833978834e+00
2.004623931260198777e+00
2.005078194164408245e+00
2.005578173444554579e+00
2.006130582480235347e+00
2.006740772320739108e+00
2.007415313434462334e+00
2.008161603330044453e+00
2.008987978997283097e+00
2.009903849750460214e+00
2.010920159864685530e+00
2.012048196021995583e+00
2.013301682598917175e+00
2.014696686643822066e+00
2.016249811226084265e+00
2.017980928168821020e+00
2.019912144980310131e+00
2.022068405482009723e+00
2.024477936204339912e+00
2.027172280020343553e+00
2.030186702911334073e+00
2.033560472778387584e+00
2.037337005570143411e+00
2.041563964096854811e+00
2.046292797983653600e+00
2.051578832578140776e+00
2.057479559185879214e+00
2.064054011795477095e+00
2.071360009059752816e+00
2.079451049289626319e+00
2.088371901888473658e+00
2.098152315143035018e+00
2.108800743224279017e+00
2.120294349791921551e+00
2.132567514045742296e+00
2.145504808258711815e+00
2.158924464617077099e+00
2.172575714969803951e+00
2.186132200066452924e+00
2.199197138329766155e+00
2.211314670041112596e+00
2.221999799638395334e+00
2.230772375275344555e+00
2.237205105001813799e+00
2.240970618784779322e+00
2.241884557168375203e+00
2.239931382826433115e+00
2.235269152345442656e+00
2.228215597552241523e+00
2.219182769218385420e+00
2.208653590221467677e+00
2.197144503480689792e+00
2.185049741314847527e+00
2.172834509933351477e+00
2.160653054342723145e+00
2.148831591111282080e+00
2.137051179517823751e+00
2.126798118267902993e+00
2.116276001185350086e+00
2.107843044047378545e+00
2.099036177505854806e+00
2.091117912925696487e+00
2.083607630321684834e+00
2.076630399991786113e+00
2.070252245018690651e+00
2.064413044750013082e+00
2.058925947347348018e+00
2.053925391093621933e+00
2.049342069544666245e+00
2.045554781165554115e+00
2.041623450244767657e+00
2.037998736723698912e+00
2.035063728460817067e+00
2.031933578699688603e+00
2.029221720356257475e+00
2.026763455315651274e+00
2.024484679798690845e+00
2.022402762934592424e+00
2.020508192770650524e+00
2.018759386350051255e+00
2.017178333047728866e+00
