1.020407215846152321e-01
1.020407215845086368e-01
1.020407215845087201e-01
1.020407215845092891e-01
1.020407215841699772e-01
1.020407215841698939e-01
1.020407215841696719e-01
1.020407215841697274e-01
1.020407215841693943e-01
1.020407215834193554e-01
1.020407215834189807e-01
1.020407215834187864e-01
1.020407215834189252e-01
1.020407215834194942e-01
1.020407215834196191e-01
1.020407215834194942e-01
1.020407215834192999e-01
1.020407215818746882e-01
1.020407215818743968e-01
1.020407215818747299e-01
1.020407215818743413e-01
1.020407215818742303e-01
1.020407215818742858e-01
1.020407215818748825e-01
1.020407215818749935e-01
1.020407215818748270e-01
1.020407215818742996e-01
1.020407215818747299e-01
1.020407215786289234e-01
1.020407215786292981e-01
1.020407215786289096e-01
1.020407215786292426e-01
1.020407215786288263e-01
1.020407215786293675e-01
1.020407215786295896e-01
1.020407215786293398e-01
1.020407215786288263e-01
1.020407215786292981e-01
1.020407215786286736e-01
1.020407215786292565e-01
1.020407215786289096e-01
1.020407215714442400e-01
1.020407215714437960e-01
1.020407215714441151e-01
1.020407215714446009e-01
1.020407215714443233e-01
1.020407215714437960e-01
1.020407215714442678e-01
1.020407215714437266e-01
1.020407215714442539e-01
1.020407215714439347e-01
1.020407215714442817e-01
1.020407215714439347e-01
1.020407215714441290e-01
1.020407215714446009e-01
1.020407215546278445e-01
1.020407215546272339e-01
1.020407215546277752e-01
1.020407215546272617e-01
1.020407215546276641e-01
1.020407215546274837e-01
1.020407215546273033e-01
1.020407215546274282e-01
1.020407215546272756e-01
1.020407215546280388e-01
1.020407215546274698e-01
1.020407215546273588e-01
1.020407215546274143e-01
1.020407215546272894e-01
1.020407215546280527e-01
1.020407215546274698e-01
1.020407215134529616e-01
1.020407215134530865e-01
1.020407215134529477e-01
1.020407215134536694e-01
1.020407215134531004e-01
1.020407215134529755e-01
1.020407215134530726e-01
1.020407215134529477e-01
1.020407215134536694e-01
1.020407215134531143e-01
1.020407215134529755e-01
1.020407215134530865e-01
1.020407215134529061e-01
1.020407215134536832e-01
1.020407215134531004e-01
1.020407215134529755e-01
1.020407215134530865e-01
1.020407215134529200e-01
1.020407214858447542e-01
1.020407214332423596e-01
1.020407214332422347e-01
1.020407214332419710e-01
1.020407214332421653e-01
1.020407214332429424e-01
1.020407214332423596e-01
1.020407214332422208e-01
1.020407214332419710e-01
1.020407213609971359e-01
1.020407213609979269e-01
1.020407213609973301e-01
1.020407213609971914e-01
1.020407213609969277e-01
1.020407213609971636e-01
1.020407213609978853e-01
1.020407212688568960e-01
1.020407212688561743e-01
1.020407212688559245e-01
1.020407212688561466e-01
1.020407212688568960e-01
1.020407212688568960e-01
1.020407212688562160e-01
1.020407211611640275e-01
1.020407211611643050e-01
1.020407211611650267e-01
1.020407211611650128e-01
1.020407211611643189e-01
1.020407210482517368e-01
1.020407210482519589e-01
1.020407210482527222e-01
1.020407210482526805e-01
1.020407209472744270e-01
1.020407209472741772e-01
1.020407209472743715e-01
1.020407208784370467e-01
1.020407208519718140e-01
1.020407208247777753e-01
1.020407207452039278e-01
1.020407207452040665e-01
1.020407206818241264e-01
1.020407206012375334e-01
1.020407206012368673e-01
1.020407205015780999e-01
1.020407205015782387e-01
1.020407203813071262e-01
1.020407203813070568e-01
1.020407203349491254e-01
1.020407202673312280e-01
1.020407201416859561e-01
1.020407200881478238e-01
1.020407200101924178e-01
1.020407199547587462e-01
1.020407200390508334e-01
1.020407196662899835e-01
1.020407196370387432e-01
1.020407195317686588e-01
1.020407194139689722e-01
1.020407194139681673e-01
1.020407192849443340e-01
1.020407191466159158e-01
1.020407189774657497e-01
1.020407189774655971e-01
1.020407187444948988e-01
1.020407185298065067e-01
1.020407183450442457e-01
1.020407183450441346e-01
1.020407181159102145e-01
1.020407179460255248e-01
1.020407176990369286e-01
1.020407175294358454e-01
1.020407172662354950e-01
1.020407171397633428e-01
1.020407168921084601e-01
1.020407165017887807e-01
1.020407163350918328e-01
1.020407161537222052e-01
1.020407156835101831e-01
1.020407156835101692e-01
1.020407152468640749e-01
1.020407148290304739e-01
1.020407144400224120e-01
1.020407142273212497e-01
1.020407136714059498e-01
1.020407133815542794e-01
1.020407129671129925e-01
1.020407125266199200e-01
1.020407121277229073e-01
1.020407115536048764e-01
1.020407110832169256e-01
1.020407104979846880e-01
1.020407100607514245e-01
1.020407090638654202e-01
1.020407088480955876e-01
1.020407080747523093e-01
1.020407071854853021e-01
1.020407067590658190e-01
1.020407060310517394e-01
1.020407051821000111e-01
1.020407030116822766e-01
1.020407037720967164e-01
1.020407025474358298e-01
1.020407014707650356e-01
1.020407004144834734e-01
1.020406988607741039e-01
1.020406981568295346e-01
1.020406971070236674e-01
1.020406957533759318e-01
1.020406944799279181e-01
1.020406931033656373e-01
1.020406916029766020e-01
1.020406902661863680e-01
1.020406884178367835e-01
1.020406869020882151e-01
1.020406849362335971e-01
1.020406832013422554e-01
1.020406811558192267e-01
1.020406790609519332e-01
1.020406767923662666e-01
1.020406742364136782e-01
1.020406720301755554e-01
1.020406695939263114e-01
1.020406669465529215e-01
1.020406640715442875e-01
1.020406611935268520e-01
1.020406579500647004e-01
1.020406548106546629e-01
1.020406513956529787e-01
1.020406476182157407e-01
1.020406438882024425e-01
1.020406401238167504e-01
1.020406357840271949e-01
1.020406315628196864e-01
1.020406267170419906e-01
1.020406217317081365e-01
1.020406168452644285e-01
1.020406114381342821e-01
1.020406061319527879e-01
1.020405997266859710e-01
1.020405936288608650e-01
1.020405874151966291e-01
1.020405801075942448e-01
1.020405729622611279e-01
1.020405652174648098e-01
1.020405575181976693e-01
1.020405487876014095e-01
1.020405398113761325e-01
1.020405304483601866e-01
1.020405206854779062e-01
1.020405101849063273e-01
1.020404995927079173e-01
1.020404880989260465e-01
1.020404762903526774e-01
1.020404637374007217e-01
1.020404503703180171e-01
1.020404365881175807e-01
1.020404216351809140e-01
1.020404061259467393e-01
1.020403901258562923e-01
1.020403732772004884e-01
1.020403552516045698e-01
1.020403413329180053e-01
1.020403167415654677e-01
1.020402959757423650e-01
1.020402740778176415e-01
1.020402511571399939e-01
1.020402270646244697e-01
1.020402016829302511e-01
1.020401749786806339e-01
1.020401454515205975e-01
1.020401176334546078e-01
1.020400865541613300e-01
1.020400537782016476e-01
1.020400195569268198e-01
1.020399835171663105e-01
1.020399456011049366e-01
1.020399061782662348e-01
1.020398640453944461e-01
1.020398193529416381e-01
1.020397736554487372e-01
1.020397249583750859e-01
1.020396739507302974e-01
1.020396201077150011e-01
1.020395635704137854e-01
1.020395041655850071e-01
1.020394417284761074e-01
1.020393760240911191e-01
1.020393068971669898e-01
1.020392343014825259e-01
1.020391585041492827e-01
1.020390779600967024e-01
1.020389917463005169e-01
1.020389074998816759e-01
1.020388108198252708e-01
1.020387132222197457e-01
1.020386102839128117e-01
1.020385020459433634e-01
1.020383880479072969e-01
1.020382682707439842e-01
1.020381423643355601e-01
1.020380081242759363e-01
1.020378710356456692e-01
1.020377245321556769e-01
1.020375705782107928e-01
1.020374087806287522e-01
1.020372385677485449e-01
1.020370600953619811e-01
1.020368721922333966e-01
1.020366746825970006e-01
1.020364670914758326e-01
1.020362486845591554e-01
1.020360191046720683e-01
1.020357776596895610e-01
1.020355238465055631e-01
1.020352572952447495e-01
1.020349764668545545e-01
1.020346818915205123e-01
1.020343719089249618e-01
1.020340460516214048e-01
1.020337033868436577e-01
1.020333431543790914e-01
1.020329645694383058e-01
1.020325664484812572e-01
1.020321481815212733e-01
1.020317076489250796e-01
1.020312451789607139e-01
1.020307589031350659e-01
1.020302476253328317e-01
1.020297101067582646e-01
1.020291448195740358e-01
1.020285506674404319e-01
1.020279310331437400e-01
1.020272691733847964e-01
1.020265788853787770e-01
1.020258528578417700e-01
1.020250899097976255e-01
1.020242876028262385e-01
1.020234441782378598e-01
1.020225574035804050e-01
1.020216250994626095e-01
1.020206452160311722e-01
1.020196147814987075e-01
1.020185313312128028e-01
1.020173926192373126e-01
1.020161952247623516e-01
1.020149365028653748e-01
1.020136131163315724e-01
1.020122217898617456e-01
1.020107590711793050e-01
1.020092214252457385e-01
1.020076045886150057e-01
1.020059046886697962e-01
1.020041177291264867e-01
1.020022392410963319e-01
1.020002647029894932e-01
1.019981876785392705e-01
1.019960047386515439e-01
1.019937098475203890e-01
1.019912969483083853e-01
1.019887602460234355e-01
1.019860935749417608e-01
1.019832896925276094e-01
1.019803420521983028e-01
1.019772432678421187e-01
1.019739868852500286e-01
1.019705600324800898e-01
1.019669591850261847e-01
1.019631745692565622e-01
1.019591951257696610e-01
1.019550089341883514e-01
1.019505394063665998e-01
1.019459850104445647e-01
1.019411227325802693e-01
1.019360110333610014e-01
1.019306369087058239e-01
1.019249869173336348e-01
1.019190446594287619e-01
1.019128022205203071e-01
1.019062369836234716e-01
1.018993346772126274e-01
1.018920778033270552e-01
1.018844492757637749e-01
1.018764289089232333e-01
1.018679966701371148e-01
1.018591406224592516e-01
1.018498117363769023e-01
1.018400136292589159e-01
1.018297125714919260e-01
1.018188827974408212e-01
1.018074972330489103e-01
1.017955235497233907e-01
1.017829438236286105e-01
1.017697125330900842e-01
1.017558040326620727e-01
1.017411806044345446e-01
1.017258071864328706e-01
1.017096443878948986e-01
1.016926524800840642e-01
1.016747882067349368e-01
1.016560071461175274e-01
1.016362620432648273e-01
1.016155039633950680e-01
1.015936798496182569e-01
1.015707362823535798e-01
1.015466148406833080e-01
1.015212554668737943e-01
1.014945944887179208e-01
1.014665652622191161e-01
1.014370974243118256e-01
1.014061171873684997e-01
1.013735469759508012e-01
1.013393050936442358e-01
1.013033057905875778e-01
1.012654588153708846e-01
1.012256694812103952e-01
1.011838377685486262e-01
1.011398595849473114e-01
1.010936241545336012e-01
1.010450153328601025e-01
1.009939120540256086e-01
1.009401858995177120e-01
1.008837025354617917e-01
1.008243198677208491e-01
1.007618896921663593e-01
1.006962552879902273e-01
1.006272523495414656e-01
1.005547075467546486e-01
1.004588702897344088e-01
1.003982582464867518e-01
1.003139604453008871e-01
1.002253370159488649e-01
1.001321644602402999e-01
1.000342099980377625e-01
9.993122836658724362e-02
9.982296143593855087e-02
9.970913773809292335e-02
9.958947222228492491e-02
9.946366508606210854e-02
9.933140102052649689e-02
9.919234850460025010e-02
9.904615938689771693e-02
9.889246706465068537e-02
9.873088727822414146e-02
9.856101421845823995e-02
9.838242282233027047e-02
9.819466525352522901e-02
9.799727147943661232e-02
9.778974643346961815e-02
9.755756871888862647e-02
9.734219726883935886e-02
9.710105158368108336e-02
9.684752930355740308e-02
9.658099578084486381e-02
9.630078284287009460e-02
9.600618726423988669e-02
9.569647225076730046e-02
9.537086187372534329e-02
9.502853979389198902e-02
9.466864861203111436e-02
9.429028636315373024e-02
9.389250563417736450e-02
9.347430867341467720e-02
9.303464859845245183e-02
9.257242338158973294e-02
9.208647527495888996e-02
9.157558632391070430e-02
9.103847666773820513e-02
9.047380060727355788e-02
8.988014325109817959e-02
8.925601623375410687e-02
8.859985862689485903e-02
8.791002366152259051e-02
8.718478381111370579e-02
8.642232190519447133e-02
8.562072604680354138e-02
8.477799256714731169e-02
8.389200517045411476e-02
8.296055061746665515e-02
8.198128063315493486e-02
8.095175513963588643e-02
7.986939096535919380e-02
7.873147604543544176e-02
7.753515897700261061e-02
7.627744248987414211e-02
7.495517534279089178e-02
7.356504451495661512e-02
7.210356691891868508e-02
7.056708095759123278e-02
6.895173685137187536e-02
6.725348726179572467e-02
6.546809123628197224e-02
6.359103319865598569e-02
6.161765253750609017e-02
5.954299046661505612e-02
5.736184911463277497e-02
5.506876339311946034e-02
5.265798815529534188e-02
5.012348285969324413e-02
4.745889730882939944e-02
4.465755549818199721e-02
4.171243835171190018e-02
3.861616668048539064e-02
3.536098296673906988e-02
3.193873113042720174e-02
2.834083665434369154e-02
2.455828480042464984e-02
2.058159837428403388e-02
1.640081355087544615e-02
1.200518047820178270e-02
7.384511255057378716e-03
4.632641592919148923e-06
1.020407215860325706e-01
1.020407215860325706e-01
1.020407215860325845e-01
1.020407215860326261e-01
1.020407215860325845e-01
1.020407215860325845e-01
1.020407215860325706e-01
1.020407215860325845e-01
1.020407215860326122e-01
1.020407215860325845e-01
1.020407215860325845e-01
1.020407215860325845e-01
1.020407215860325845e-01
1.020407215860326261e-01
1.020407215860325845e-01
1.020407215860325845e-01
1.020407215860326122e-01
1.020407215860325706e-01
1.020407215860326122e-01
1.020407215860325845e-01
1.020407215860325706e-01
1.020407215860325706e-01
1.020407215860325845e-01
1.020407215860325845e-01
1.020407215860325845e-01
1.020407215860325706e-01
1.020407215860325706e-01
1.020407215860325706e-01
1.020407215860325428e-01
1.020407215860325567e-01
1.020407215860325706e-01
1.020407215860325567e-01
1.020407215860325845e-01
1.020407215860325845e-01
1.020407215860325845e-01
1.020407215860325845e-01
1.020407215860325706e-01
1.020407215860325706e-01
1.020407215860325706e-01
1.020407215860325845e-01
1.020407215860325845e-01
1.020407215860325567e-01
1.020407215860326122e-01
1.020407215860325706e-01
1.020407215860326122e-01
1.020407215860325845e-01
1.020407215860325706e-01
1.020407215860326122e-01
1.020407215860325845e-01
1.020407215860325845e-01
1.020407215860325845e-01
1.020407215860325845e-01
1.020407215860326122e-01
1.020407215860326261e-01
1.020407215860326261e-01
1.020407215860325845e-01
1.020407215860326261e-01
1.020407215860326122e-01
1.020407215860326122e-01
1.020407215860326122e-01
1.020407215860326261e-01
1.020407215860326122e-01
1.020407215860326261e-01
1.020407215860326261e-01
1.020407215860326400e-01
1.020407215860326261e-01
1.020407215860326261e-01
1.020407215860326400e-01
1.020407215860326122e-01
1.020407215860326400e-01
1.020407215860326261e-01
1.020407215860325845e-01
1.020407215860326122e-01
1.020407215860326261e-01
1.020407215860326261e-01
1.020407215860326400e-01
1.020407215860326122e-01
1.020407215860326122e-01
1.020407215860326400e-01
1.020407215860326400e-01
1.020407215860325706e-01
1.020407215860326261e-01
1.020407215860326677e-01
1.020407215860325567e-01
1.020407215860325706e-01
1.020407215860326261e-01
1.020407215860326122e-01
1.020407215860326955e-01
1.020407215860325567e-01
1.020407215860325845e-01
1.020407215860326122e-01
1.020407215860326122e-01
1.020407215860326400e-01
1.020407215860325567e-01
1.020407215860325567e-01
1.020407215860326400e-01
1.020407215860326400e-01
1.020407215860326677e-01
1.020407215860325567e-01
1.020407215860325567e-01
1.020407215860326400e-01
1.020407215860326261e-01
1.020407215860326677e-01
1.020407215860325567e-01
1.020407215860325845e-01
1.020407215860326400e-01
1.020407215860326261e-01
1.020407215860326677e-01
1.020407215860326400e-01
1.020407215860325428e-01
1.020407215860326122e-01
1.020407215860326677e-01
1.020407215860326677e-01
1.020407215860326816e-01
1.020407215860325428e-01
1.020407215860326816e-01
1.020407215860326122e-01
1.020407215860326677e-01
1.020407215860326955e-01
1.020407215860325706e-01
1.020407215860326816e-01
1.020407215860325845e-01
1.020407215860326955e-01
1.020407215860326816e-01
1.020407215860325567e-01
1.020407215860326400e-01
1.020407215860325845e-01
1.020407215860326955e-01
1.020407215860326955e-01
1.020407215860326122e-01
1.020407215860326400e-01
1.020407215860325845e-01
1.020407215860326955e-01
1.020407215860326816e-01
1.020407215860325706e-01
1.020407215860326400e-01
1.020407215860326122e-01
1.020407215860327094e-01
1.020407215860326816e-01
1.020407215860325567e-01
1.020407215860326261e-01
1.020407215860326122e-01
1.020407215860327094e-01
1.020407215860327094e-01
1.020407215860325845e-01
1.020407215860326261e-01
1.020407215860325845e-01
1.020407215860326955e-01
1.020407215860326955e-01
1.020407215860326677e-01
1.020407215860325706e-01
1.020407215860326816e-01
1.020407215860326816e-01
1.020407215860326400e-01
1.020407215860326677e-01
1.020407215860326122e-01
1.020407215860326677e-01
1.020407215860326400e-01
1.020407215860326955e-01
1.020407215860326816e-01
1.020407215860326122e-01
1.020407215860325428e-01
1.020407215860326677e-01
1.020407215860325706e-01
1.020407215860327510e-01
1.020407215860325706e-01
1.020407215860325151e-01
1.020407215860326261e-01
1.020407215860326122e-01
1.020407215860327371e-01
1.020407215860326400e-01
1.020407215860325151e-01
1.020407215860326400e-01
1.020407215860326261e-01
1.020407215860327649e-01
1.020407215860326122e-01
1.020407215860325428e-01
1.020407215860327371e-01
1.020407215860326261e-01
1.020407215860327649e-01
1.020407215860326122e-01
1.020407215860325428e-01
1.020407215860327371e-01
1.020407215860326122e-01
1.020407215860327649e-01
1.020407215860326261e-01
1.020407215860325151e-01
1.020407215860326955e-01
1.020407215860326122e-01
1.020407215860327788e-01
1.020407215860326400e-01
1.020407215860325428e-01
1.020407215860327371e-01
1.020407215860326122e-01
1.020407215860327788e-01
1.020407215860326400e-01
1.020407215860325151e-01
1.020407215860326261e-01
1.020407215860326122e-01
1.020407215860328204e-01
1.020407215860326400e-01
1.020407215860325428e-01
1.020407215860324873e-01
1.020407215860326122e-01
1.020407215860328065e-01
1.020407215860326261e-01
1.020407215860325428e-01
1.020407215860324873e-01
1.020407215860326261e-01
1.020407215860328204e-01
1.020407215860326122e-01
1.020407215860325567e-01
1.020407215860324734e-01
1.020407215860326122e-01
1.020407215860328065e-01
1.020407215860326261e-01
1.020407215860325567e-01
1.020407215860325012e-01
1.020407215860326261e-01
1.020407215860328620e-01
1.020407215860326400e-01
1.020407215860325567e-01
1.020407215860324873e-01
1.020407215860325845e-01
1.020407215860328759e-01
1.020407215860326677e-01
1.020407215860325706e-01
1.020407215860325012e-01
1.020407215860326122e-01
1.020407215860328759e-01
1.020407215860326400e-01
1.020407215860325428e-01
1.020407215860325151e-01
1.020407215860326122e-01
1.020407215860328620e-01
1.020407215860326677e-01
1.020407215860325012e-01
1.020407215860324873e-01
1.020407215860326122e-01
1.020407215860328065e-01
1.020407215860326677e-01
1.020407215860325151e-01
1.020407215860325012e-01
1.020407215860326261e-01
1.020407215860328343e-01
1.020407215860326816e-01
1.020407215860325151e-01
1.020407215860324873e-01
1.020407215860326122e-01
1.020407216242742859e-01
1.020407216242747994e-01
1.020407216242746190e-01
1.020407216242747994e-01
1.020407216242747300e-01
1.020407216242743276e-01
1.020407216242747994e-01
1.020407216242746051e-01
1.020407216242747994e-01
1.020407216242747578e-01
1.020407216242743276e-01
1.020407216242747855e-01
1.020407216242746051e-01
1.020407216242747994e-01
1.020407216242747855e-01
1.020407216242743276e-01
1.020407216242748133e-01
1.020407216242746051e-01
1.020407216242748411e-01
1.020407216242747578e-01
1.020407216242742998e-01
1.020407216242747994e-01
1.020407216242746190e-01
1.020407216242748133e-01
1.020407216242747439e-01
1.020407216242743415e-01
1.020407216242747994e-01
1.020407216242746190e-01
1.020407216242748133e-01
1.020407216242747439e-01
1.020407216242742998e-01
1.020407216242747855e-01
1.020407216242746051e-01
1.020407216242748133e-01
1.020407216242746468e-01
1.020407216242742027e-01
1.020407216242747439e-01
1.020407216242745219e-01
1.020407216242747300e-01
1.020407216242747162e-01
1.020407216242742166e-01
1.020407216242747439e-01
1.020407216242745219e-01
1.020407216242747162e-01
1.020407216242746884e-01
1.020407216242742166e-01
1.020407216242747439e-01
1.020407216242745219e-01
1.020407216242747300e-01
1.020407216242745219e-01
1.020407216242741333e-01
1.020407216242748549e-01
1.020407216242746745e-01
1.020407216242747300e-01
1.020407216242745357e-01
1.020407216242741472e-01
1.020407216242742166e-01
1.020407216242747162e-01
1.020407216242747162e-01
1.020407216242745357e-01
1.020407216242741055e-01
1.020407216242742859e-01
1.020407216242747578e-01
1.020407216242747300e-01
1.020407216242745357e-01
1.020407216242741055e-01
1.020407216242742721e-01
1.020407216242747578e-01
1.020407216242747439e-01
1.020407216242745357e-01
1.020407216242741749e-01
1.020407216242742443e-01
1.020407216242747855e-01
1.020407216242745357e-01
1.020407216242743553e-01
1.020407216242740084e-01
1.020407216242742304e-01
1.020407216242747578e-01
1.020407216242745635e-01
1.020407216242743415e-01
1.020407216242740084e-01
1.020407216242742304e-01
1.020407216242747439e-01
1.020407216242745496e-01
1.020407216242743553e-01
1.020407216242736337e-01
1.020407216242735088e-01
1.020407216242747578e-01
1.020407216242752990e-01
1.020407216242743692e-01
1.020407216242736337e-01
1.020407216242735227e-01
1.020407216242747439e-01
1.020407216242752990e-01
1.020407216242743692e-01
1.020407216242736476e-01
1.020407216242735227e-01
1.020407216242747439e-01
1.020407216242752435e-01
1.020407216242743970e-01
1.020407216242736337e-01
1.020407216242735088e-01
1.020407216242747855e-01
1.020407216242720794e-01
1.020407216242711357e-01
1.020407216242704279e-01
1.020407216242703169e-01
1.020407216242715381e-01
1.020407216242720516e-01
1.020407216242711496e-01
1.020407216242703724e-01
1.020407216242703169e-01
1.020407216242715381e-01
1.020407216242720794e-01
1.020407216242711357e-01
1.020407216242715104e-01
1.020407216242703169e-01
1.020407216242715381e-01
1.020407216242720516e-01
1.020407216242711496e-01
1.020407216242714826e-01
1.020407216242703030e-01
1.020407216242715243e-01
1.020407216242720516e-01
1.020407216242711357e-01
1.020407216242714826e-01
1.020407216242703169e-01
1.020407216242715104e-01
1.020407216242719961e-01
1.020407216242711496e-01
1.020407216242715104e-01
1.020407216242703169e-01
1.020407216242715381e-01
1.020407216242720794e-01
1.020407216242711496e-01
1.020407216242715104e-01
1.020407216242703169e-01
1.020407216242715659e-01
1.020407216242720516e-01
1.020407216242711773e-01
1.020407216242715104e-01
1.020407216242702891e-01
1.020407216242715659e-01
1.020407216242720239e-01
1.020407216242711496e-01
1.020407216242714826e-01
1.020407216242703030e-01
1.020407216242715381e-01
1.020407216242719683e-01
1.020407216242710524e-01
1.020407216242714132e-01
1.020407216242703030e-01
1.020407216242719128e-01
1.020407216242719545e-01
1.020407216242710802e-01
1.020407216242713855e-01
1.020407216242703030e-01
1.020407216242719128e-01
1.020407216242719683e-01
1.020407216242710663e-01
1.020407216242714132e-01
1.020407216242703169e-01
1.020407216242718851e-01
1.020407216242719683e-01
1.020407216242710663e-01
1.020407216242713855e-01
1.020407216242703030e-01
1.020407216242718990e-01
1.020407216242719545e-01
1.020407216242710802e-01
1.020407216242713855e-01
1.020407216242703169e-01
1.020407216242719267e-01
1.020407216242719683e-01
1.020407216242710663e-01
1.020407216242713994e-01
1.020407216241437098e-01
1.020407216241452919e-01
1.020407216241453474e-01
1.020407216241444592e-01
1.020407216241448201e-01
1.020407216241436821e-01
1.020407216241453197e-01
1.020407216241453335e-01
1.020407216241453613e-01
1.020407216241448062e-01
1.020407216241437376e-01
1.020407216241453335e-01
1.020407216241453613e-01
1.020407216241453890e-01
1.020407216241448062e-01
1.020407216241437376e-01
1.020407216241453474e-01
1.020407216241453613e-01
1.020407216241453613e-01
1.020407216241447645e-01
1.020407216241437515e-01
1.020407216241453335e-01
1.020407216241453474e-01
1.020407216241453613e-01
1.020407216241447784e-01
1.020407216241437098e-01
1.020407216241453335e-01
1.020407216241453613e-01
1.020407216241453613e-01
1.020407216241447784e-01
1.020407216241437376e-01
1.020407216241453474e-01
1.020407216241453335e-01
1.020407216241453613e-01
1.020407216241448062e-01
1.020407216241437237e-01
1.020407216241453613e-01
1.020407216241453613e-01
1.020407216241453890e-01
1.020407216241448201e-01
1.020407216241437376e-01
1.020407216241453613e-01
1.020407216241451670e-01
1.020407216241453890e-01
1.020407216241448062e-01
1.020407216241437237e-01
1.020407216241453335e-01
1.020407216241451948e-01
1.020407216241453890e-01
1.020407216241447507e-01
1.020407216241437237e-01
1.020407216241453474e-01
1.020407216241451670e-01
1.020407216241453613e-01
1.020407216241448062e-01
1.020407216241437376e-01
1.020407216241453335e-01
1.020407216241451948e-01
1.020407216241453613e-01
1.020407216241448062e-01
1.020407216241437376e-01
1.020407216241453335e-01
1.020407216241454584e-01
1.020407216241455278e-01
1.020407216241448062e-01
1.020407216241437376e-01
1.020407216241453335e-01
1.020407216241447368e-01
1.020407216241455278e-01
1.020407216241448201e-01
1.020407216241437515e-01
1.020407216241453474e-01
1.020407216241446396e-01
1.020407216241454862e-01
1.020407216188503191e-01
