3.166003062783306573e-04
3.166003062787972437e-04
3.166003062788000084e-04
3.166003062787966474e-04
3.166003062803734026e-04
3.166003062803736195e-04
3.166003062803719932e-04
3.166003062803725353e-04
3.166003062803712884e-04
3.166003062842531659e-04
3.166003062842531659e-04
3.166003062842523527e-04
3.166003062842552801e-04
3.166003062842518106e-04
3.166003062842546838e-04
3.166003062842548464e-04
3.166003062842534911e-04
3.166003062936553671e-04
3.166003062936543371e-04
3.166003062936547708e-04
3.166003062936547708e-04
3.166003062936539577e-04
3.166003062936568850e-04
3.166003062936533071e-04
3.166003062936562887e-04
3.166003062936565055e-04
3.166003062936561803e-04
3.166003062936556924e-04
3.166003063180395619e-04
3.166003063180403208e-04
3.166003063180394535e-04
3.166003063180397245e-04
3.166003063180408087e-04
3.166003063180384235e-04
3.166003063180414050e-04
3.166003063180401040e-04
3.166003063180410255e-04
3.166003063180399956e-04
3.166003063180404292e-04
3.166003063180402666e-04
3.166003063180393450e-04
3.166003063435224329e-04
3.166003063435242760e-04
3.166003063435237339e-04
3.166003063435224871e-04
3.166003064037011287e-04
3.166003064037012913e-04
3.166003064037020503e-04
3.166003064037024297e-04
3.166003064037012371e-04
3.166003064037012913e-04
3.166003064037012913e-04
3.166003064037019418e-04
3.166003064037025382e-04
3.166003065214005987e-04
3.166003065214006529e-04
3.166003065214007613e-04
3.166003065214013576e-04
3.166003065214019539e-04
3.166003065214005987e-04
3.166003065214005444e-04
3.166003065214007071e-04
3.166003065214013576e-04
3.166003067497666443e-04
3.166003067497653975e-04
3.166003067497652349e-04
3.166003067497654517e-04
3.166003067497661022e-04
3.166003067497666443e-04
3.166003067497653433e-04
3.166003067497653433e-04
3.166003067497655059e-04
3.166003071827865837e-04
3.166003071827871258e-04
3.166003071827858248e-04
3.166003071827858248e-04
3.166003071827859874e-04
3.166003071827864753e-04
3.166003071827870716e-04
3.166003071827858790e-04
3.166003071827857705e-04
3.166003079737535935e-04
3.166003079737537019e-04
3.166003079737543524e-04
3.166003079737540271e-04
3.166003079737530514e-04
3.166003079737535935e-04
3.166003079737535935e-04
3.166003079737542440e-04
3.166003079737539729e-04
3.166003089058611747e-04
3.166003089058618252e-04
3.166003089058609579e-04
3.166003089058624757e-04
3.166003094270006214e-04
3.166003097423063998e-04
3.166003100384432670e-04
3.166003100384428876e-04
3.166003104414273910e-04
3.166003109703045175e-04
3.166003109703035960e-04
3.166003114360108756e-04
3.166003118756154457e-04
3.166003123470649311e-04
3.166003128404141077e-04
3.166003133426539048e-04
3.166003138368228467e-04
3.166003143033840439e-04
3.166003151810223922e-04
3.166003151810209827e-04
3.166003160843824070e-04
3.166003170285795472e-04
3.166003191411469924e-04
3.166003182817529477e-04
3.166003197041050384e-04
3.166003205329411159e-04
3.166003210011093718e-04
3.166003220074112929e-04
3.166003224020625100e-04
3.166003245235064268e-04
3.166003260864422427e-04
3.166003275149949941e-04
3.166003285963844751e-04
3.166003304280399621e-04
3.166003320647344855e-04
3.166003340203118414e-04
3.166003377823660946e-04
3.166003382631897545e-04
3.166003407699408004e-04
3.166003432427900912e-04
3.166003462733424628e-04
3.166003466692717374e-04
3.166003521794160530e-04
3.166003555303575391e-04
3.166003601953690260e-04
3.166003626721689869e-04
3.166003721359696068e-04
3.166003721533316409e-04
3.166003721107479743e-04
3.166003808859799802e-04
3.166003863800184183e-04
3.166003926073901182e-04
3.166003982354190314e-04
3.166004052973518299e-04
3.166004138198863418e-04
3.166004199119491227e-04
3.166004278698675181e-04
3.166004371798614831e-04
3.166004463350302394e-04
3.166004567377362798e-04
3.166004699891357692e-04
3.166004791213360820e-04
3.166004922794938593e-04
3.166005055475691371e-04
3.166005182148640845e-04
3.166005352688659041e-04
3.166005519063747119e-04
3.166005695005663862e-04
3.166005889491422197e-04
3.166006094066632051e-04
3.166006313446592755e-04
3.166006548702633748e-04
3.166006800983633658e-04
3.166007071637971901e-04
3.166007349393561154e-04
3.166007678162018383e-04
3.166008012335940641e-04
3.166008374303318912e-04
3.166008743758120408e-04
3.166009175841365459e-04
3.166009615813730640e-04
3.166010079922008274e-04
3.166010602784137843e-04
3.166011150330426210e-04
3.166011733267875606e-04
3.166012365591017478e-04
3.166013038814938208e-04
3.166013769904814346e-04
3.166014539415189905e-04
3.166015362901580203e-04
3.166016265680613915e-04
3.166017221044330112e-04
3.166018253087515290e-04
3.166019354485113632e-04
3.166020537611337576e-04
3.166021809192660886e-04
3.166023168008875273e-04
3.166024626238557568e-04
3.166026188285837287e-04
3.166027866760831372e-04
3.166029673122888917e-04
3.166031602927927018e-04
3.166033673262108345e-04
3.166035893179377559e-04
3.166038271621357059e-04
3.166040839275444997e-04
3.166043577040088893e-04
3.166046519316932065e-04
3.166049665401612272e-04
3.166053057210046866e-04
3.166056676556383716e-04
3.166060574241518432e-04
3.166064754496375434e-04
3.166069228846031406e-04
3.166074032523429212e-04
3.166079184018533187e-04
3.166084704312752216e-04
3.166090632203035350e-04
3.166097814381954871e-04
3.166103811961207227e-04
3.166111123826920821e-04
3.166118964030776965e-04
3.166127374695749063e-04
3.166136394809470765e-04
3.166146080931703829e-04
3.166156466047785265e-04
3.166167590726390877e-04
3.166179530108271492e-04
3.166192340253860100e-04
3.166206080090077117e-04
3.166220815216717020e-04
3.166236618881714763e-04
3.166253570712089841e-04
3.166271753128237091e-04
3.166291256964364072e-04
3.166312181609333811e-04
3.166334607983522500e-04
3.166358674809067217e-04
3.166384486326830321e-04
3.166412165754085330e-04
3.166441869962782567e-04
3.166473719797266223e-04
3.166507877004826120e-04
3.166544517773626794e-04
3.166583817319298011e-04
3.166625974221399685e-04
3.166671151862731942e-04
3.166719678745273008e-04
3.166771695039771154e-04
3.166827491162109995e-04
3.166887321268854576e-04
3.166951508354577064e-04
3.167020347482628383e-04
3.167094184719844744e-04
3.167173383639212427e-04
3.167258325215772442e-04
3.167349439648380386e-04
3.167447163468751440e-04
3.167551979379008777e-04
3.167664408521441333e-04
3.167754050050885909e-04
3.167914327604767289e-04
3.168053058107010624e-04
3.168202154392575718e-04
3.168361449657679327e-04
3.168532630073768604e-04
3.168716220816591707e-04
3.168913163352010069e-04
3.169124387499533922e-04
3.169350947686193983e-04
3.169593947266741564e-04
3.169854582327335927e-04
3.170134139552626957e-04
3.170433988335819172e-04
3.170755600172326695e-04
3.171100555455834370e-04
3.171470528716435777e-04
3.171867395229197441e-04
3.172293064970185014e-04
3.172749596849438569e-04
3.173239278916495810e-04
3.173764509281778458e-04
3.174327850619237056e-04
3.174932120336365973e-04
3.175580204103630811e-04
3.176275344530870518e-04
3.177020940537195128e-04
3.177820654354530775e-04
3.178678407662562013e-04
3.179598434666899755e-04
3.180585231487653253e-04
3.181609442768334323e-04
3.182778898783233750e-04
3.183996538273634242e-04
3.185302574633006533e-04
3.186703396698061810e-04
3.188205895037035968e-04
3.189817449648388683e-04
3.191545987622372072e-04
3.193399970207743983e-04
3.195388527882538749e-04
3.197521426733105818e-04
3.199809127792108674e-04
3.202262889679415958e-04
3.204894754053669564e-04
3.207717632698653030e-04
3.210745413419480165e-04
3.213992965907729819e-04
3.217476230957556503e-04
3.221212326593891244e-04
3.225219599482075507e-04
3.229517730530261934e-04
3.234127838697120052e-04
3.239072559053989366e-04
3.244376192434107373e-04
3.250064772020384352e-04
3.256166247427399432e-04
3.262710594968247241e-04
3.269729948718685616e-04
3.277258796734024366e-04
3.285334107760867501e-04
3.293995520963368773e-04
3.303285675103478100e-04
3.313255143421063305e-04
3.323937785857697500e-04
3.335401217924715699e-04
3.347696699699078456e-04
3.360884628863685698e-04
3.375029781439556928e-04
3.390201638517498120e-04
3.406343115465498752e-04
3.423928952186532332e-04
3.442650080753692694e-04
3.462730043051227965e-04
3.484267472547692801e-04
3.507368160402983613e-04
3.532145578892469757e-04
3.558721426790426500e-04
3.587229836352441234e-04
3.617800000465841242e-04
3.650592946888468813e-04
3.685766093789410959e-04
3.723492231028303814e-04
3.763956651516341470e-04
3.807358117531373575e-04
3.853909817060031592e-04
3.903840369143374398e-04
3.957395065891766814e-04
4.014836925517421959e-04
4.076448128835480464e-04
4.142531265347388562e-04
4.213410940918774542e-04
4.289435293483725791e-04
4.370957138682393444e-04
4.458438830292787871e-04
4.552248131089285535e-04
4.652866416925453765e-04
4.760787917604268659e-04
4.876542725116406033e-04
5.000699424318576095e-04
5.133867770061860706e-04
5.276702027446802511e-04
5.429903523560122370e-04
5.594224970807673471e-04
5.770473399030881176e-04
5.959514553034814949e-04
6.162276935136774825e-04
6.379756474453907467e-04
6.613021412371334305e-04
6.867267599237857068e-04
7.131573594604995224e-04
7.419407991096774787e-04
7.728134255184937202e-04
8.059268998415732108e-04
8.414438567331801542e-04
8.795387516653982397e-04
9.203987016501834900e-04
9.642244032622500523e-04
1.011231119544651110e-03
1.061649740126977296e-03
1.115727912224020449e-03
1.173731255427091277e-03
1.235944680336786578e-03
1.302673756424479329e-03
1.374247391847273261e-03
1.451013730364319933e-03
1.533353239326557156e-03
1.621669221925970067e-03
1.716395479597303177e-03
1.817997281664042583e-03
1.926973679342119895e-03
2.043859950378128492e-03
2.169230215347976720e-03
2.303700272340006121e-03
2.447930613535245683e-03
2.602629613291984438e-03
2.768557310969154989e-03
2.946528527885963148e-03
3.137417483019263459e-03
3.342161797460337959e-03
3.561767138896948601e-03
3.797312171919263717e-03
4.049953847758752321e-03
4.320933093815633973e-03
4.611580921404894763e-03
4.923324937441134891e-03
5.257696374169680553e-03
5.616337669307307386e-03
6.001010588594230845e-03
6.413603643230954970e-03
6.856144358216768528e-03
7.330806396871527436e-03
7.839920850061334046e-03
8.385988560517403795e-03
8.971691652985416127e-03
9.599907046310822770e-03
1.027371774614560009e-02
1.099644138777089268e-02
1.177161986174760436e-02
1.260306342152175962e-02
1.349485584159136435e-02
1.445137759033216819e-02
1.547732685376569141e-02
1.657774294199693133e-02
1.775803089164343027e-02
1.902398812306559453e-02
2.038183266202754293e-02
2.183823412214580886e-02
2.340034612609890805e-02
2.507584134326063668e-02
2.687294964296571900e-02
2.880049796695938191e-02
3.086795425884443500e-02
3.308547343165887944e-02
3.546394743953418249e-02
3.801505916858357453e-02
4.075133902401704283e-02
4.368622716569024039e-02
4.683413921555860254e-02
5.021053745601695983e-02
5.383200572854029975e-02
5.771633224678299895e-02
6.188259630268103106e-02
6.635126132020338630e-02
7.114427754098295864e-02
7.628518646688275950e-02
8.179923978250647210e-02
8.809710509788228061e-02
9.405708144337635024e-02
1.008610781795427347e-01
1.081589318108243797e-01
1.159864877163189339e-01
1.243821938043633002e-01
1.333872884443672302e-01
1.430460026053608780e-01
1.534057785905633131e-01
1.645175018202880979e-01
1.764357506850478818e-01
1.892190657878824733e-01
2.029302368098836185e-01
2.176366099591413306e-01
2.334104207692623278e-01
2.503291477503612472e-01
2.684758907596153654e-01
2.879397876194761952e-01
3.088164378065126892e-01
3.312083838531186264e-01
3.552256138840783617e-01
3.809860934106872876e-01
4.086163545449045809e-01
4.382521123536948782e-01
4.700389349188934807e-01
5.041329447798978958e-01
5.407016161905418006e-01
5.799245622345408080e-01
6.219944410734573603e-01
6.671178918915861011e-01
7.155165290293358238e-01
7.674281502601277838e-01
8.231076645110821932e-01
8.828285830575328674e-01
9.468842466363631694e-01
1.015589282171531105e+00
1.089281159421735090e+00
1.168321838084687148e+00
1.253099556057851061e+00
1.344030718263188984e+00
1.441561969271211829e+00
1.546172364255040232e+00
1.658374843826094569e+00
1.778723197489569197e+00
1.907805868152780748e+00
2.046257802792148084e+00
2.194759038997542433e+00
2.354038992669681196e+00
2.524880008862063985e+00
2.708121236678048938e+00
2.904662730077549604e+00
3.115469847865609321e+00
3.341578054486411986e+00
3.584097962494640743e+00
3.844220764748734087e+00
4.123224151863738918e+00
4.422478529713956164e+00
4.743453755150860651e+00
5.087726471905107850e+00
5.456987690815080505e+00
5.853076088853804926e+00
6.277862046016812414e+00
6.973585816768145484e+00
3.166003062739347054e-04
3.166003062739344343e-04
3.166003062739345428e-04
3.166003062739344886e-04
3.166003062739349764e-04
3.166003062739347596e-04
3.166003062739342175e-04
3.166003062739343801e-04
3.166003062739344343e-04
3.166003062739351391e-04
3.166003062739346512e-04
3.166003062739343801e-04
3.166003062739344886e-04
3.166003062739344886e-04
3.166003062739350307e-04
3.166003062739348138e-04
3.166003062739344343e-04
3.166003062739345970e-04
3.166003062739344886e-04
3.166003062739350307e-04
3.166003062739348138e-04
3.166003062739344886e-04
3.166003062739345970e-04
3.166003062739344886e-04
3.166003062739351391e-04
3.166003062739347596e-04
3.166003062739343801e-04
3.166003062739345970e-04
3.166003062739344886e-04
3.166003062739348680e-04
3.166003062739347054e-04
3.166003062739345428e-04
3.166003062739345970e-04
3.166003062739348138e-04
3.166003062739347596e-04
3.166003062739348680e-04
3.166003062739343801e-04
3.166003062739346512e-04
3.166003062739348138e-04
3.166003062739347596e-04
3.166003062739347596e-04
3.166003062739345428e-04
3.166003062739346512e-04
3.166003062739347596e-04
3.166003062739347596e-04
3.166003062739348138e-04
3.166003062739345428e-04
3.166003062739345970e-04
3.166003062739348680e-04
3.166003062739348138e-04
3.166003062739347596e-04
3.166003062739344886e-04
3.166003062739347054e-04
3.166003062739348138e-04
3.166003062739348138e-04
3.166003062739347596e-04
3.166003062739344886e-04
3.166003062739345970e-04
3.166003062739348680e-04
3.166003062739348680e-04
3.166003062739347596e-04
3.166003062739345970e-04
3.166003062739345970e-04
3.166003062739348138e-04
3.166003062739348138e-04
3.166003062739347596e-04
3.166003062739347054e-04
3.166003062739346512e-04
3.166003062739348680e-04
3.166003062739348138e-04
3.166003062739347054e-04
3.166003062739347054e-04
3.166003062739347054e-04
3.166003062739348680e-04
3.166003062739348680e-04
3.166003062739346512e-04
3.166003062739345428e-04
3.166003062739345970e-04
3.166003062739348138e-04
3.166003062739347596e-04
3.166003062739346512e-04
3.166003062739345970e-04
3.166003062739345970e-04
3.166003062739348680e-04
3.166003062739348680e-04
3.166003062739347596e-04
3.166003062739346512e-04
3.166003062739345970e-04
3.166003062739347596e-04
3.166003062739345970e-04
3.166003062739345970e-04
3.166003062739345970e-04
3.166003062739345428e-04
3.166003062739347596e-04
3.166003062739347054e-04
3.166003062739345428e-04
3.166003062739347596e-04
3.166003062739345970e-04
3.166003062739347596e-04
3.166003062739348680e-04
3.166003062739345970e-04
3.166003062739345970e-04
3.166003062739345428e-04
3.166003062739347596e-04
3.166003062739347596e-04
3.166003062739345970e-04
3.166003062739346512e-04
3.166003062739345970e-04
3.166003062739346512e-04
3.166003062739349222e-04
3.166003062739345970e-04
3.166003062739347596e-04
3.166003062739346512e-04
3.166003062739347596e-04
3.166003062739348680e-04
3.166003062739346512e-04
3.166003062739348138e-04
3.166003062739347054e-04
3.166003062739347596e-04
3.166003062739347596e-04
3.166003062739347596e-04
3.166003062739347596e-04
3.166003062739346512e-04
3.166003062739347054e-04
3.166003062739348680e-04
3.166003062739346512e-04
3.166003062739341091e-04
3.166003062739346512e-04
3.166003062739345970e-04
3.166003062739353017e-04
3.166003062739345970e-04
3.166003062739341091e-04
3.166003062739345970e-04
3.166003062739346512e-04
3.166003062739353559e-04
3.166003062739345970e-04
3.166003062739340549e-04
3.166003062739345970e-04
3.166003062739345970e-04
3.166003062739353559e-04
3.166003062739346512e-04
3.166003062739341091e-04
3.166003062739346512e-04
3.166003062739346512e-04
3.166003062739353559e-04
3.166003062739345970e-04
3.166003062739340549e-04
3.166003062739345970e-04
3.166003062739347054e-04
3.166003062739353017e-04
3.166003062739348138e-04
3.166003062739341091e-04
3.166003062739347054e-04
3.166003062739347596e-04
3.166003062739353017e-04
3.166003062739347596e-04
3.166003062739341091e-04
3.166003062739347596e-04
3.166003062739347596e-04
3.166003062739353017e-04
3.166003062739347054e-04
3.166003062739340549e-04
3.166003062739348138e-04
3.166003062739347596e-04
3.166003062739353559e-04
3.166003062739347596e-04
3.166003062739340007e-04
3.166003062739347596e-04
3.166003062739347596e-04
3.166003062739353017e-04
3.166003062739347596e-04
3.166003062739339464e-04
3.166003062739347596e-04
3.166003062739348138e-04
3.166003062739351391e-04
3.166003062739348138e-04
3.166003062739339464e-04
3.166003062739339464e-04
3.166003062739348138e-04
3.166003062739351391e-04
3.166003062739348680e-04
3.166003062739339464e-04
3.166003062739338922e-04
3.166003062739348680e-04
3.166003062739353017e-04
3.166003062739347596e-04
3.166003062739339464e-04
3.166003062739339464e-04
3.166003062739347596e-04
3.166003062739353017e-04
3.166003062739348138e-04
3.166003062739338380e-04
3.166003062739339464e-04
3.166003062739349222e-04
3.166003062739353017e-04
3.166003062739348138e-04
3.166003062739339464e-04
3.166003062739339464e-04
3.166003062739349764e-04
3.166003062739353017e-04
3.166003062739347596e-04
3.166003062739337838e-04
3.166003062739337838e-04
3.166003062739348680e-04
3.166003062739352475e-04
3.166003062739347596e-04
3.166003062739338380e-04
3.166003062739338380e-04
3.166003062739349764e-04
3.166003062739352475e-04
3.166003062739347054e-04
3.166003062739337838e-04
3.166003062739336754e-04
3.166003062739349222e-04
3.166003062739353017e-04
3.166003062739347596e-04
3.166003062739337838e-04
3.166003062739336754e-04
3.166003062739348680e-04
3.166003062739352475e-04
3.166003062739347054e-04
3.166003062739337838e-04
3.166003062739338380e-04
3.166003062739348680e-04
3.166003062739352475e-04
3.166003062739345970e-04
3.166003062739338380e-04
3.166003062739338380e-04
3.166003062739347596e-04
3.166003062739351933e-04
3.166003062739346512e-04
3.166003062739337838e-04
3.166003062739337296e-04
3.166003062739348138e-04
3.166003062739352475e-04
3.166003062739345970e-04
3.166003062739347596e-04
3.166003062739336754e-04
3.166003062739348138e-04
3.166003062739353017e-04
3.166003062739345970e-04
3.166003062739348680e-04
3.166003062739337838e-04
3.166003062739350307e-04
3.166003062739353017e-04
3.166003062739348138e-04
3.166003062739349222e-04
3.166003062739338380e-04
3.166003062739349764e-04
3.166003062739351391e-04
3.166003062739348680e-04
3.166003062740912642e-04
3.166003062740926194e-04
3.166003062740915352e-04
3.166003062740905052e-04
3.166003062740913726e-04
3.166003062740911016e-04
3.166003062740926194e-04
3.166003062740911558e-04
3.166003062740902342e-04
3.166003062740912100e-04
3.166003062740911558e-04
3.166003062740926736e-04
3.166003062740911558e-04
3.166003062740901258e-04
3.166003062740911558e-04
3.166003062740912100e-04
3.166003062740926194e-04
3.166003062740911558e-04
3.166003062740901258e-04
3.166003062740911016e-04
3.166003062740911016e-04
3.166003062740926194e-04
3.166003062740911558e-04
3.166003062740901258e-04
3.166003062740912642e-04
3.166003062740911558e-04
3.166003062740925652e-04
3.166003062740911558e-04
3.166003062740901800e-04
3.166003062740910473e-04
3.166003062740911558e-04
3.166003062740926194e-04
3.166003062740912100e-04
3.166003062740901800e-04
3.166003062740911016e-04
3.166003062740912100e-04
3.166003062740931073e-04
3.166003062740912642e-04
3.166003062740902342e-04
3.166003062740910473e-04
3.166003062740911016e-04
3.166003062740931615e-04
3.166003062740913184e-04
3.166003062740902342e-04
3.166003062740910473e-04
3.166003062740911558e-04
3.166003062740931073e-04
3.166003062740911558e-04
3.166003062740902342e-04
3.166003062740909931e-04
3.166003062740911558e-04
3.166003062740931615e-04
3.166003062740913184e-04
3.166003062740901258e-04
3.166003062740901258e-04
3.166003062740911558e-04
3.166003062740931615e-04
3.166003062740913184e-04
3.166003062740902342e-04
3.166003062740901258e-04
3.166003062740912100e-04
3.166003062740931073e-04
3.166003062740913184e-04
3.166003062740901800e-04
3.166003062740901258e-04
3.166003062740912100e-04
3.166003062740932157e-04
3.166003062740913726e-04
3.166003062740901800e-04
3.166003062740901258e-04
3.166003062740911558e-04
3.166003062740932157e-04
3.166003062740913726e-04
3.166003062740902342e-04
3.166003062740902884e-04
3.166003062740912642e-04
3.166003062740932157e-04
3.166003062740914810e-04
3.166003062740902342e-04
3.166003062740901800e-04
3.166003062740912100e-04
3.166003062740932157e-04
3.166003062740913184e-04
3.166003062740902342e-04
3.166003062740901800e-04
3.166003062740911558e-04
3.166003062740931073e-04
3.166003062740915352e-04
3.166003062740902342e-04
3.166003062740902342e-04
3.166003062740912100e-04
3.166003062740932157e-04
3.166003062740914268e-04
3.166003062740902884e-04
3.166003062740901800e-04
3.166003062740911558e-04
3.166003062740932157e-04
3.166003062740914810e-04
3.166003062740902342e-04
3.166003062740902342e-04
3.166003062740911558e-04
3.166003062740932157e-04
3.166003062740914268e-04
3.166003062740904510e-04
3.166003062740901258e-04
3.166003062740912100e-04
3.166003062740932157e-04
3.166003062740920231e-04
3.166003062740909389e-04
3.166003062740907763e-04
3.166003062740916979e-04
3.166003062740937036e-04
3.166003062740920773e-04
3.166003062740921858e-04
3.166003062740907221e-04
3.166003062740916979e-04
3.166003062740939205e-04
3.166003062740919147e-04
3.166003062740919689e-04
3.166003062740906679e-04
3.166003062740917521e-04
3.166003062740939747e-04
3.166003062740919689e-04
3.166003062740919147e-04
3.166003062740905052e-04
3.166003062740918063e-04
3.166003062740940289e-04
3.166003062740919147e-04
3.166003062740919147e-04
3.166003062740905595e-04
3.166003062740917521e-04
3.166003062740940289e-04
3.166003062740920231e-04
3.166003062740920231e-04
3.166003062740906679e-04
3.166003062740918063e-04
3.166003062740940831e-04
3.166003062740919147e-04
3.166003062740920231e-04
3.166003062740951673e-04
3.166003062740963599e-04
3.166003062740985283e-04
3.166003062740964684e-04
3.166003062740964141e-04
3.166003062740951673e-04
3.166003062740962515e-04
3.166003062740985283e-04
3.166003062740964141e-04
3.166003062740964684e-04
3.166003062740951673e-04
3.166003062740962515e-04
3.166003062740985825e-04
3.166003062740964684e-04
3.166003062740964684e-04
3.166003062740951673e-04
3.166003062740964141e-04
3.166003062740986910e-04
3.166003062740964684e-04
3.166003062740964684e-04
3.166003062740951673e-04
3.166003062740963057e-04
3.166003062740985283e-04
3.166003062740967936e-04
3.166003062740964141e-04
3.166003062740948421e-04
3.166003062740963057e-04
3.166003062740985283e-04
3.166003062740968478e-04
3.166003062741273139e-04
3.166003062741256334e-04
3.166003062741270971e-04
3.166003062741293197e-04
3.166003062741280186e-04
3.166003062741273139e-04
3.166003062741252539e-04
3.166003062741270971e-04
3.166003062741293739e-04
3.166003062741280186e-04
3.166003062741272597e-04
3.166003062741251997e-04
3.166003062741259587e-04
3.166003062741293739e-04
3.166003062741282355e-04
3.166003062741272597e-04
3.166003062741252539e-04
3.166003062741260671e-04
3.166003062741293197e-04
3.166003062741281813e-04
3.166003062741272597e-04
3.166003062741252539e-04
3.166003062741259587e-04
3.166003062741293197e-04
3.166003062741281813e-04
3.166003062741272597e-04
3.166003062742798069e-04
3.166003062742806201e-04
3.166003062742839811e-04
3.166003062742828969e-04
3.166003062742820296e-04
3.166003062742798612e-04
3.166003062742807285e-04
3.166003062742839811e-04
3.166003062742829511e-04
3.166003062742819211e-04
3.166003062742799154e-04
3.166003062742806201e-04
3.166003062742838727e-04
3.166003062742828427e-04
3.166003062742818669e-04
3.166003062742798612e-04
3.166003062742806743e-04
3.166003062742840353e-04
3.166003062742828969e-04
3.166003062742818669e-04
3.166003062742799154e-04
3.166003062748251064e-04
3.166003062748283048e-04
3.166003062748272206e-04
3.166003062748262990e-04
3.166003062748242933e-04
3.166003062748249980e-04
3.166003062748284132e-04
3.166003062748272748e-04
3.166003062748263533e-04
3.166003062748242933e-04
3.166003062748250522e-04
3.166003062748283590e-04
3.166003062748271664e-04
3.166003062748262990e-04
3.166003062748242933e-04
3.166003062748251064e-04
3.166003062760694453e-04
3.166003062760683611e-04
3.166003062760679816e-04
3.166003062760653253e-04
3.166003062760666805e-04
3.166003062760694995e-04
3.166003062760683611e-04
3.166003062760680358e-04
3.166003062760653253e-04
3.166003062760667348e-04
3.166003062760684153e-04
3.166003062776562836e-04
3.166003062776547657e-04
3.166003062776521094e-04
3.166003062776534646e-04
3.166003062776551451e-04
3.166003062784901977e-04
3.166003062784887340e-04
