3.453189688616075670e-01
3.453189688616076780e-01
3.453758224322378556e-01
3.454048550616334312e-01
3.454342919975578186e-01
3.454641470820107307e-01
3.454944280087565156e-01
3.455251326004713519e-01
3.455562641486506492e-01
3.455878472070599283e-01
3.456198625553815185e-01
3.456523450113721529e-01
3.456852784982229476e-01
3.457189390604233914e-01
3.457525456499863092e-01
3.457868920551606662e-01
3.458217110082134060e-01
3.458570481992606083e-01
3.458928703193480669e-01
3.459292000082296870e-01
3.459660200105506012e-01
3.460033977483475964e-01
3.460412851636507914e-01
3.460797074501974491e-01
3.461186724757228661e-01
3.461581862217790184e-01
3.461988889531461555e-01
3.462388933162205418e-01
3.462801069994284053e-01
3.463218988831472389e-01
3.463642812882904432e-01
3.464072623645198523e-01
3.464508147267095217e-01
3.464950514979263652e-01
3.465398766219443538e-01
3.465853366397208535e-01
3.466314359530085487e-01
3.466781865701789589e-01
3.467256038241983140e-01
3.467736760858891598e-01
3.468223868066084292e-01
3.468718817355954109e-01
3.469220247963191173e-01
3.469728770404866269e-01
3.470244459383545754e-01
3.470767433701960614e-01
3.471297786408965025e-01
3.471835620068585704e-01
3.472381055001806938e-01
3.472934174130324902e-01
3.473495103430404574e-01
3.474063948558345771e-01
3.474658979722023977e-01
3.475225834785356516e-01
3.475819111016114626e-01
3.476420754010517977e-01
3.477030896202413790e-01
3.477649639669768700e-01
3.478277113755706695e-01
3.478913347445714566e-01
3.479558766761498001e-01
3.480213185080617277e-01
3.480876837399025647e-01
3.481549849181201362e-01
3.482232373411837112e-01
3.482924536662115877e-01
3.483626462347079733e-01
3.484338294441551853e-01
3.485060153917019510e-01
3.485792243200970253e-01
3.486534607764504856e-01
3.487287470018190505e-01
3.488050974024026196e-01
3.488825368597042176e-01
3.489610439923929719e-01
3.490406704424856565e-01
3.491214230700955823e-01
3.492033141055578271e-01
3.492863609048645901e-01
3.493705795880441278e-01
3.494558190238954976e-01
3.495425995068237035e-01
3.496304373903491025e-01
3.497195090043309640e-01
3.498098392111810284e-01
3.499014475525463741e-01
3.499943473026814189e-01
3.500885577725064701e-01
3.501840969949117643e-01
3.502809854589749583e-01
3.503792412586521077e-01
3.504788832017373679e-01
3.505799316134293742e-01
3.506824060872170690e-01
3.507863276114812079e-01
3.508917126388944596e-01
3.509985887565292839e-01
3.511069718202247669e-01
3.512168839299464329e-01
3.513283471640933908e-01
3.514413845739617903e-01
3.515560166662712871e-01
3.516722662625096363e-01
3.517901564489319677e-01
3.519097109143173863e-01
3.520309518087803569e-01
3.521539030633530354e-01
3.522785912704487488e-01
3.524050388259993283e-01
3.525332704212784107e-01
3.526633117057396127e-01
3.527951884137091598e-01
3.529289307470661052e-01
3.530645513550749182e-01
3.532020903471153050e-01
3.533415713844823558e-01
3.534830198406763158e-01
3.536264645727961176e-01
3.537719334065620447e-01
3.539194555232610950e-01
3.540690612142858296e-01
3.542207749276120587e-01
3.543746318963933439e-01
3.545306599837591555e-01
3.546888895259193708e-01
3.548291712907652440e-01
3.550120797005754114e-01
3.551771035829475176e-01
3.553444563916195453e-01
3.555141716793851492e-01
3.556862815808571332e-01
3.558608197948492924e-01
3.560378219482375206e-01
3.562173178138512419e-01
3.563993587984751743e-01
3.565839568688797256e-01
3.567711647693367905e-01
3.569610140249899755e-01
3.571535425590493529e-01
3.573487876395539664e-01
3.575467896095618769e-01
3.577475841537062218e-01
3.579512144749008584e-01
3.581577173733778152e-01
3.583671356362523874e-01
3.585795078382199019e-01
3.587948757077381590e-01
3.590132869768115631e-01
3.592347784147464917e-01
3.594593959227218583e-01
3.596871837298068475e-01
3.599181854925601054e-01
3.601524472217861317e-01
3.603900160749795023e-01
3.606309372275198766e-01
3.608752577418960494e-01
3.611230270601760717e-01
3.613742930559138422e-01
3.616291051237827681e-01
3.618875134333719434e-01
3.621485367028255964e-01
3.624153207249097286e-01
3.626848202867908322e-01
3.629581304017564514e-01
3.632353119065095393e-01
3.635163704982060651e-01
3.638014108867115848e-01
3.640904770530615231e-01
3.643836221996312741e-01
3.646809034951843387e-01
3.649823802212269763e-01
3.652881115864528572e-01
3.655981583218151920e-01
3.659125799553387681e-01
3.662314389151505867e-01
3.665547985481629745e-01
3.668827209220064667e-01
3.672152706632381691e-01
3.675525145541133076e-01
3.678945201820511546e-01
3.682413474977876411e-01
3.685930715671689173e-01
3.689497593995139657e-01
3.693114818209359274e-01
3.696783088866650302e-01
3.700503119823326248e-01
3.704275656852434873e-01
3.708101461778700036e-01
3.711981205318000132e-01
3.715915727878820185e-01
3.719905772036397051e-01
3.723952086322285804e-01
3.728055590534496422e-01
3.732216965606135473e-01
3.736437077335651447e-01
3.740716722225468360e-01
3.745056789781501805e-01
3.749458099919775744e-01
3.753921521884819867e-01
3.758447934660291145e-01
3.763038223995906484e-01
3.767693301062844946e-01
3.772414079921095897e-01
3.777201449061537430e-01
3.782056413292981256e-01
3.786979874952103309e-01
3.791972832168153951e-01
3.797036247823019628e-01
3.802171133377305057e-01
3.807378473907417904e-01
3.812659302943498529e-01
3.818014770664945323e-01
3.823445602722204129e-01
3.828953188357532289e-01
3.834538494518884844e-01
3.840202630491396651e-01
3.845946702376136228e-01
3.851771834635849268e-01
3.857679176197970627e-01
3.863669880378000077e-01
3.869745139281537405e-01
3.875906123321194441e-01
3.882154072830409919e-01
3.888490193305141340e-01
3.894915725359330838e-01
3.901431952214955423e-01
3.908040145058797044e-01
3.914741556968678315e-01
3.921537570136964246e-01
3.928429497172573059e-01
3.935418675706338076e-01
3.942506510560119803e-01
3.949694352824005272e-01
3.956983620441261174e-01
3.964375802805252813e-01
3.971872282572753154e-01
3.979474566045073103e-01
3.987184132292508898e-01
3.995002505501324963e-01
4.002931206592959534e-01
4.010971815668601392e-01
4.019125898726952917e-01
4.027395054325028645e-01
4.035780903498624173e-01
4.044285099328510102e-01
4.052909324040694927e-01
4.061655255390282382e-01
4.070524609165241947e-01
4.079519131175288749e-01
4.088640597322949488e-01
4.095566076389520749e-01
4.107271240719073679e-01
4.116784654864085735e-01
4.126451008908658680e-01
4.136215564818080392e-01
4.146137161092043888e-01
4.156198788962197077e-01
4.166402410230233277e-01
4.176750028791910707e-01
4.187243678842202388e-01
4.197885464908431841e-01
4.208677353644962316e-01
4.219621580198462119e-01
4.230720242402236098e-01
4.241975583495162794e-01
4.253389744530060024e-01
4.264964988266542467e-01
4.276703586534108537e-01
4.288607854532705543e-01
4.300680113249707448e-01
4.312922750031307761e-01
4.325338165290342207e-01
4.337928793719478260e-01
4.350697100645566362e-01
4.363645614970838027e-01
4.376776865811719541e-01
4.390093425492629930e-01
4.403597921839122464e-01
4.417293004543862978e-01
4.431181359951059662e-01
4.445265712085535448e-01
4.459099458039222919e-01
4.474033543546319103e-01
4.488722658684579092e-01
4.503619076002750576e-01
4.518725720896958342e-01
4.534045571279393116e-01
4.549581609627945666e-01
4.565336909698612944e-01
4.581314560606956632e-01
4.597517702776475756e-01
4.613949508571436042e-01
4.630613211511060423e-01
4.647512084100720586e-01
4.664649438695204764e-01
4.682028659731837239e-01
4.699653144080046530e-01
4.717526360487516168e-01
4.735651799629094216e-01
4.754033054912516487e-01
4.772673713770728132e-01
4.791577428878050493e-01
4.810747944443429791e-01
4.830188988305136322e-01
4.849904417794016487e-01
4.869898074433630653e-01
4.890173909972437283e-01
4.910735873391824935e-01
4.931588005427273713e-01
4.952734454345070203e-01
4.974179315776822152e-01
4.995926827873470866e-01
5.017981249483720596e-01
5.040357919059743619e-01
5.063028229890768062e-01
5.086029640264665419e-01
5.109355653473699466e-01
5.133010857264277416e-01
5.156999912130310060e-01
5.181327500043049206e-01
5.205804338504456119e-01
5.231017516389155908e-01
5.256389707755428908e-01
5.282119957737952953e-01
5.308213326282822386e-01
5.334674942109984830e-01
5.361510008247117876e-01
5.388723786350749778e-01
5.416325019620756853e-01
5.444308930931373025e-01
5.472691239225538906e-01
5.501474080214437956e-01
5.530663126638837301e-01
5.560264108359196378e-01
5.590282835171069831e-01
5.620725209930921284e-01
5.651597212725988362e-01
5.682904897285370183e-01
5.714654409494260845e-01
5.746852001477216199e-01
5.779503989558839594e-01
5.812616824125601545e-01
5.846196876342879545e-01
5.880242512423192736e-01
5.914785559795017189e-01
5.949807456018217922e-01
5.985323680410955527e-01
6.021341150330992154e-01
6.057866910536698901e-01
6.094908141115553679e-01
6.132472117159463165e-01
6.170566226328436654e-01
6.209197950967372259e-01
6.248374861072950592e-01
6.288104683773781955e-01
6.328395191935665132e-01
6.369254302519076205e-01
6.410690045884029908e-01
6.452710552425268142e-01
6.495994674901007793e-01
6.538539011811835833e-01
6.582363815537964902e-01
6.626807093228850309e-01
6.671877607296160528e-01
6.717584161272345256e-01
6.763935774405863688e-01
6.810941524417947202e-01
6.858610650591451252e-01
6.906952523997761384e-01
6.955976619987179754e-01
7.005692583472005186e-01
7.056110163964925963e-01
7.107239291217968269e-01
7.159038973489616486e-01
7.211673205160648026e-01
7.264996914401106176e-01
7.319073967019668059e-01
7.373914205313264469e-01
7.429528382182259971e-01
7.485927420328285509e-01
7.543122426697187466e-01
7.601124563136608669e-01
7.659945313940222933e-01
7.719596199375390322e-01
7.780088803640081707e-01
7.841435171667148207e-01
7.903647327687158830e-01
7.966737454018214537e-01
8.030717956137665148e-01
8.095601371575473770e-01
8.161400511285190618e-01
8.228128190972718858e-01
8.295797587180401278e-01
8.364422034710423670e-01
8.434014901578231749e-01
8.504589933543165170e-01
8.576160970985418075e-01
8.648742132138028671e-01
8.722347542947652688e-01
8.796991618093187304e-01
8.872689225280224745e-01
8.949455127972743007e-01
9.027304348083187158e-01
9.106252331565058977e-01
9.186314826123030963e-01
9.267506566229954945e-01
9.349843915522809690e-01
9.433344058231786233e-01
9.518022377906268927e-01
9.603895568317362130e-01
9.690980664664563538e-01
9.779294927107290425e-01
9.868855423521086800e-01
9.959679892613615415e-01
1.005178610567595721e+00
1.014519220676021183e+00
1.023991654810344487e+00
1.033597763253572666e+00
1.043339448152827309e+00
1.053218606333374607e+00
1.063237185058649947e+00
1.073397162841252639e+00
1.083700518909896271e+00
1.094149283544252338e+00
1.104745505421167007e+00
1.115491270977278848e+00
1.126388685236213716e+00
1.137439893943156477e+00
1.148647062908056515e+00
1.160012396462918316e+00
1.171538125368263517e+00
1.183226512725554347e+00
1.195079854475956660e+00
1.207100476868832706e+00
1.219290746332128972e+00
1.231653047182704741e+00
1.244189818387185342e+00
1.257704052492129687e+00
1.269796634101499677e+00
1.282871710865377102e+00
1.296131313964924203e+00
1.309578033714251299e+00
1.323214544215539190e+00
1.337043476405190834e+00
1.351067599315146417e+00
1.365289625737047263e+00
1.379712366803780066e+00
1.394338648464695352e+00
1.409171348175721317e+00
1.424213360190051292e+00
1.439467678877078827e+00
1.454937265805408941e+00
1.470625173969727806e+00
1.486534475362901064e+00
1.502668304134908928e+00
1.519029823855244654e+00
1.535622246588654871e+00
1.552448833373528458e+00
1.569512914026823136e+00
1.586817763587222263e+00
1.604366850590829063e+00
1.622163609776239523e+00
1.640211526085870064e+00
1.658514182088599132e+00
1.677075062975948772e+00
1.695897930083264171e+00
1.714986337220755441e+00
1.734344318859465606e+00
1.753975413517342652e+00
1.773883535487879248e+00
1.794072634329132443e+00
1.814546653031463341e+00
1.835309604648148074e+00
1.856365581481396632e+00
1.877718708876635834e+00
1.899373191346369172e+00
1.921333270858925912e+00
1.943603271443269387e+00
1.966187554167677431e+00
1.989090398270015880e+00
2.012316813242818636e+00
2.035870829569097040e+00
2.059757258648363454e+00
2.083980793506220230e+00
2.108546182406875857e+00
2.133458248698343773e+00
2.158721901702577384e+00
2.184342089644069063e+00
2.210323846878225584e+00
2.236672268122832374e+00
2.263392552300739435e+00
2.290489932845311216e+00
2.317969684311753653e+00
2.345727673889562048e+00
2.374098186349695272e+00
2.402757904767926167e+00
2.431822061000440627e+00
2.461298263582182955e+00
2.536815048509931447e+00
2.536815048509933224e+00
3.433205831089929383e-01
3.433205831089930493e-01
3.433206482531850345e-01
3.433206803350467018e-01
3.433207021669139603e-01
3.433207289139704188e-01
3.433207569488548883e-01
3.433207846297041677e-01
3.433208161848366191e-01
3.433208421400471555e-01
3.433208718809161453e-01
3.433209024875031323e-01
3.433209322816259124e-01
3.433209626250327551e-01
3.433209941936191667e-01
3.433210263575093846e-01
3.433210609029568317e-01
3.433210906169656962e-01
3.433211225416549217e-01
3.433211559310759275e-01
3.433211898959920294e-01
3.433212246512078458e-01
3.433212587701376939e-01
3.433212930847165945e-01
3.433213310168521937e-01
3.433213678631126808e-01
3.433214042887007822e-01
3.433214410577118958e-01
3.433214776145403491e-01
3.433215173636604001e-01
3.433215535792142892e-01
3.433215956901111143e-01
3.433216362913233399e-01
3.433216795495637186e-01
3.433217175571322555e-01
3.433217592232419291e-01
3.433218012332571178e-01
3.433218431395067549e-01
3.433218864829956640e-01
3.433219307139148135e-01
3.433219764502158933e-01
3.433220276352755285e-01
3.433220720288387429e-01
3.433221128436850234e-01
3.433221625941488275e-01
3.433222094451000017e-01
3.433222566855266278e-01
3.433223145820706312e-01
3.433223549012536790e-01
3.433224096188792762e-01
3.433224625023194587e-01
3.433225139819472971e-01
3.433225886841899110e-01
3.433226180696167251e-01
3.433226765304971950e-01
3.433227280093859024e-01
3.433227845462069605e-01
3.433228427217977496e-01
3.433229004135437412e-01
3.433229567274314609e-01
3.433230172554974646e-01
3.433230781035082058e-01
3.433231345948032920e-01
3.433231974556603672e-01
3.433232619774004291e-01
3.433233234679590740e-01
3.433233930681924284e-01
3.433234562327276973e-01
3.433235199650153113e-01
3.433235874879139726e-01
3.433236521368789873e-01
3.433237282228848719e-01
3.433237966259093388e-01
3.433238684633117543e-01
3.433239411822807674e-01
3.433240125168534607e-01
3.433240892357060647e-01
3.433241558770875335e-01
3.433242409913158100e-01
3.433243195163565575e-01
3.433243946672145941e-01
3.433244747794405027e-01
3.433245519698428505e-01
3.433246163785415583e-01
3.433247207225420539e-01
3.433248035331913917e-01
3.433248897268740274e-01
3.433249762174691577e-01
3.433250648499547864e-01
3.433251579662076614e-01
3.433252435544209558e-01
3.433253375037078059e-01
3.433254267623934708e-01
3.433255176466335490e-01
3.433256673391875680e-01
3.433257144081470758e-01
3.433258113080673857e-01
3.433259082412278285e-01
3.433260110345663363e-01
3.433261141414248874e-01
3.433262188369720080e-01
3.433263240740883071e-01
3.433264284971293545e-01
3.433265393352743500e-01
3.433266501650928948e-01
3.433267658398510003e-01
3.433268749783812135e-01
3.433269850978994397e-01
3.433271055913688641e-01
3.433272134704005718e-01
3.433273341767884568e-01
3.433274631250574083e-01
3.433275829418579450e-01
3.433277087744184275e-01
3.433278309835002262e-01
3.433279463318220648e-01
3.433280917131720789e-01
3.433282284567613085e-01
3.433283570624762748e-01
3.433284920079268110e-01
3.433286304890457163e-01
3.433287708160369101e-01
3.433289125429730415e-01
3.433290468507462223e-01
3.433292027755050491e-01
3.433293453658644578e-01
3.433294689753688123e-01
3.433296491500119063e-01
3.433297997981092364e-01
3.433299631933336982e-01
3.433301442058380726e-01
3.433302797483231417e-01
3.433304367822082037e-01
3.433306079678462575e-01
3.433307767556164625e-01
3.433309441836646658e-01
3.433311116691467602e-01
3.433312883906350921e-01
3.433314617770472088e-01
3.433316434019402785e-01
3.433318218076866768e-01
3.433320105907344266e-01
3.433321920422843787e-01
3.433323849217916335e-01
3.433325727700284324e-01
3.433327715593619822e-01
3.433329723106231524e-01
3.433331707699144308e-01
3.433333669029206558e-01
3.433335827831193732e-01
3.433337868416790339e-01
3.433340052923515295e-01
3.433342100006688824e-01
3.433344338690572650e-01
3.433346937251237074e-01
3.433346918439620366e-01
3.433350975932907834e-01
3.433353566576729521e-01
3.433355795271106348e-01
3.433358101327202982e-01
3.433359156521190725e-01
3.433362907930558872e-01
3.433365429494168453e-01
3.433367928760500676e-01
3.433370459782053574e-01
3.433375631764894464e-01
3.433375682197561951e-01
3.433378343995950321e-01
3.433381116869125838e-01
3.433384665571302397e-01
3.433386579316035081e-01
3.433389362862929728e-01
3.433391760821396521e-01
3.433395024150845964e-01
3.433397995986532947e-01
3.433401023863537072e-01
3.433403966314336753e-01
3.433407073185585356e-01
3.433410161839690056e-01
3.433413293957194856e-01
3.433416470149692201e-01
3.433419691037384314e-01
3.433422885902255861e-01
3.433426269422890642e-01
3.433429348847454321e-01
3.433432750009470236e-01
3.433436868408985543e-01
3.433439702998412613e-01
3.433448783463529108e-01
3.433447246699888322e-01
3.433450821051166058e-01
3.433454690594087699e-01
3.433458426345676884e-01
3.433462184532919959e-01
3.433466161219384527e-01
3.433469891591163781e-01
3.433473933891242336e-01
3.433478160888713271e-01
3.433482150900678542e-01
3.433486261627292646e-01
3.433490521345751723e-01
3.433494717801606200e-01
3.433498019494995446e-01
3.433503647989336605e-01
3.433507481536327011e-01
3.433512548151758104e-01
3.433516916336120106e-01
3.433521719296411812e-01
3.433526576344698156e-01
3.433531242729023769e-01
3.433536221124088295e-01
3.433541067365638022e-01
3.433546002952428400e-01
3.433551137824026878e-01
3.433556369526342134e-01
3.433561453625412208e-01
3.433566538019072745e-01
3.433572259680557903e-01
3.433577570347008945e-01
3.433582800350413189e-01
3.433588445042893289e-01
3.433594173214801759e-01
3.433599989941271691e-01
3.433604431425064663e-01
3.433611482922257485e-01
3.433617521316794652e-01
3.433623698370099619e-01
3.433629769927784015e-01
3.433635769622689904e-01
3.433642411350814605e-01
3.433648344506183281e-01
3.433655374813814332e-01
3.433662660581648929e-01
3.433668510171935528e-01
3.433675575733159402e-01
3.433682346757284676e-01
3.433689027547711659e-01
3.433696567120840815e-01
3.433703550601673316e-01
3.433711100326330978e-01
3.433718212525723179e-01
3.433725284632475616e-01
3.433733302706962198e-01
3.433740953472975699e-01
3.433748807755793719e-01
3.433756354878520489e-01
3.433767735784745145e-01
3.433772859797063481e-01
3.433781367549337271e-01
3.433791602533038390e-01
3.433797691433493893e-01
3.433806870928382549e-01
3.433816508053698091e-01
3.433823829406326689e-01
3.433833069311332253e-01
3.433842352341772708e-01
3.433851474404994719e-01
3.433860983653544974e-01
3.433870483566812126e-01
3.433879982839550538e-01
3.433889838775433523e-01
3.433899518029293607e-01
3.433909946421369042e-01
3.433920010170554149e-01
3.433929137567108270e-01
3.433940257328588763e-01
3.433951923188181543e-01
3.433961973825837011e-01
3.433975112905224281e-01
3.433983701276110967e-01
3.433996151933645935e-01
3.434006974832551351e-01
3.434018917015579375e-01
3.434030893557588060e-01
3.434042091142943121e-01
3.434054219702241673e-01
3.434065890552491229e-01
3.434078576582264564e-01
3.434091754498335702e-01
3.434103893600404245e-01
3.434117368493219691e-01
3.434129799730907262e-01
3.434143192828213453e-01
3.434156876993088581e-01
3.434170634791766097e-01
3.434185188228276453e-01
3.434198351032101137e-01
3.434212376604703354e-01
3.434225231823577196e-01
3.434241984946928561e-01
3.434256499476143198e-01
3.434269980593396832e-01
3.434286911993327807e-01
3.434303027240992456e-01
3.434318916755758622e-01
3.434334678267610963e-01
3.434351108775704486e-01
3.434368469939161339e-01
3.434383403999805018e-01
3.434400501988680299e-01
3.434417690206353901e-01
3.434435068780785083e-01
3.434452912056711327e-01
3.434470307938495282e-01
3.434489566042236430e-01
3.434506705619263522e-01
3.434525604145655109e-01
3.434543420488637699e-01
3.434563145813212537e-01
3.434583073426277777e-01
3.434602283298475722e-01
3.434622080887878015e-01
3.434643876735523627e-01
3.434666957198508896e-01
3.434684602940121234e-01
3.434705603568740662e-01
3.434727075641927918e-01
3.434748764659012465e-01
3.434770661378422352e-01
3.434791695700614711e-01
3.434816101727710680e-01
3.434838157311914109e-01
3.434861436730654027e-01
3.434885421175655762e-01
3.434909519750771745e-01
3.434934027332974815e-01
3.434958068353293204e-01
3.434973065466959685e-01
3.435009562362727475e-01
3.435034498834558248e-01
3.435059922921697706e-01
3.435125405195954551e-01
3.435127210215013216e-01
3.435127210215010995e-01
3.435168318328903347e-01
3.435197969045105104e-01
3.435224522407925307e-01
3.435253770188426703e-01
3.435282846474496665e-01
3.435312331920769569e-01
3.435342232284712138e-01
3.435372553404802964e-01
3.435402024808116295e-01
3.435434636522489704e-01
3.435466816282069513e-01
3.435499470007467027e-01
3.435532964766201958e-01
3.435564336192172274e-01
3.435598768019901272e-01
3.435624804290716705e-01
3.435665608294143358e-01
3.435701983563821393e-01
3.435736237755849798e-01
3.435772582994262025e-01
3.435809374250453074e-01
3.435846587195796609e-01
3.435884198326813466e-01
3.435922723194542727e-01
3.435961830897363845e-01
3.435999272837160778e-01
3.436039513450686034e-01
3.436075100248207059e-01
3.436123514359476494e-01
3.436161561139574605e-01
3.436203772930594980e-01
3.436230231095736554e-01
3.436288235000247160e-01
3.436331091690805750e-01
3.436378761179989527e-01
3.436422690063269947e-01
3.436469556184982288e-01
3.436515178226510203e-01
3.436565934039141901e-01
3.436609980531757924e-01
3.436663434824808738e-01
3.436707092471841807e-01
3.436754956453936805e-01
3.436809647875137541e-01
3.436857639877835546e-01
3.436907096783225479e-01
3.436964358069097281e-01
3.437015111469730044e-01
3.437067655427950008e-01
3.437123232543132789e-01
3.437178063353996671e-01
3.437234908206515671e-01
3.437294238039094174e-01
3.437350215426237532e-01
3.437411080987320400e-01
3.437468724926963648e-01
3.437523828711898655e-01
3.437591257306101822e-01
3.437657272608434234e-01
3.437714912276131907e-01
3.437779985212887079e-01
3.437840552658353310e-01
3.437911049321816792e-01
3.437979271267688763e-01
3.438047460567562053e-01
3.438115270716204375e-01
3.438181867276156600e-01
3.438252867260032097e-01
3.438324229365563589e-01
3.438395223425833591e-01
3.438450745453709434e-01
3.438544625128370780e-01
3.438627323741421105e-01
3.438682511471482517e-01
3.438777340532027105e-01
3.438858317928749075e-01
3.438934167525714569e-01
3.439017426835133673e-01
3.439096529261522206e-01
3.439177072279303027e-01
3.439264873761666008e-01
3.439416361942827516e-01
3.439416148402002493e-01
3.439528866418962716e-01
3.439616269959558936e-01
3.439706737448235407e-01
3.439797069604620394e-01
3.439896028704178543e-01
3.439987769392748307e-01
3.440082508538239714e-01
3.440172052325813912e-01
3.440283240393576802e-01
3.440379960645229551e-01
3.440469008379392069e-01
3.440585583042503615e-01
3.440679937502615915e-01
3.440790662921465182e-01
3.440901185316808109e-01
3.440989848438354426e-01
3.441118883575857157e-01
3.441229790336656214e-01
3.441345943875434021e-01
3.441461342656830791e-01
3.441579899037205403e-01
3.441709160196861350e-01
3.441813015182685898e-01
3.441937358709569739e-01
3.442060081267034333e-01
3.442185081283447579e-01
3.442312349519278669e-01
3.442441337675657964e-01
3.442574652881579822e-01
3.442702782045229948e-01
3.442834817981138551e-01
3.442978764468982433e-01
3.443113547429821897e-01
3.443250185780885597e-01
3.443392976151813945e-01
3.443536486227787852e-01
3.443672309720010594e-01
3.443837775915006838e-01
3.443986153238016157e-01
3.444134581460076561e-01
3.444351479032685126e-01
3.444449864692248897e-01
3.444606724139097631e-01
3.444771322610228337e-01
3.444929020472540793e-01
3.445100939791791994e-01
3.445262957626032407e-01
3.445429431635919637e-01
3.445605601814567542e-01
3.445749802170155474e-01
3.445959388374100207e-01
3.446133204474516321e-01
3.446324520842109496e-01
3.446505360690456099e-01
3.446698955051620272e-01
3.446896032204922466e-01
3.447078767130469235e-01
3.447278011566842770e-01
3.447476576539548199e-01
3.447666822040431067e-01
3.447884321817957787e-01
3.448131136286002318e-01
3.448300718244084462e-01
3.448522791327259251e-01
3.448724366378249084e-01
3.448918994133410854e-01
3.449172525420863278e-01
3.449408625943445883e-01
3.449598527964514161e-01
3.449854686219365196e-01
3.450089604682556876e-01
3.450338105356755558e-01
3.450574195256174148e-01
3.450813535113069763e-01
3.451068878068022094e-01
3.451317442840786676e-01
3.451570590150151996e-01
3.451833958820172410e-01
3.452102293958470014e-01
3.452373434516637918e-01
3.452638394224922802e-01
3.453189688616080666e-01
3.453189688616076225e-01
