2.000034146890837583e+00
2.000037164841273807e+00
2.000040777051135255e+00
2.000045099546422289e+00
2.000050271007925762e+00
2.000056456987159947e+00
2.000063855204194940e+00
2.000072701771746342e+00
2.000083278572210688e+00
2.000095922130901371e+00
2.000111034113871700e+00
2.000129093939257974e+00
2.000150673729808926e+00
2.000176456115994927e+00
2.000207255476480039e+00
2.000244043186322429e+00
2.000287977676471929e+00
2.000340440138376863e+00
2.000403077032930188e+00
2.000477850463759921e+00
2.000567098059974125e+00
2.000673603902723752e+00
2.000800682636136418e+00
2.000952278913332716e+00
2.001133084958797603e+00
2.001348679249864038e+00
2.001605689983154690e+00
2.001911987024473039e+00
2.002276709271218813e+00
2.002711300707407993e+00
2.003228685163853662e+00
2.003844359958307120e+00
2.004576626681719098e+00
2.005445700653926355e+00
2.006479748766355264e+00
2.007705999468735403e+00
2.009164412958274859e+00
2.010889289710543704e+00
2.012929865509209826e+00
2.015341321579202649e+00
2.018189014540319182e+00
2.021543249775159978e+00
2.025485690903819247e+00
2.030108918284725839e+00
2.035516552232410348e+00
2.041819621699306975e+00
2.049138633357525663e+00
2.057600093928249940e+00
2.067331341402281364e+00
2.078452032281939310e+00
2.091069884164836079e+00
2.105264709261179590e+00
2.121072750658651085e+00
2.138472465666937605e+00
2.157357119020109515e+00
2.177516926850122658e+00
2.198616654257670611e+00
2.220187096087095302e+00
2.241620939153565750e+00
2.262187364094932818e+00
2.281074124196783348e+00
2.297432444620864711e+00
2.310484547717211790e+00
2.319585842047901636e+00
2.324302631983010237e+00
2.324495932010653743e+00
2.320321079162998235e+00
2.312209830766879026e+00
2.300805244332668309e+00
2.286868784193445858e+00
2.271196451603134658e+00
2.254518112549455111e+00
2.237465629042152404e+00
2.220450780178628847e+00
2.203910524211041277e+00
2.187618510784710146e+00
2.173140729631495738e+00
2.158658372996638874e+00
2.146632068901115353e+00
2.130765082428910606e+00
2.123501958875452456e+00
2.113004604933955921e+00
2.103493956008646748e+00
2.094776737920203136e+00
2.086748548334369957e+00
2.079379124561203884e+00
2.072624881211128756e+00
2.067002451381528161e+00
2.061083759291402639e+00
2.055818865832991005e+00
2.051083670677945836e+00
2.046707785293670590e+00
2.044015301573326227e+00
2.040361143643283803e+00
2.036617687590947856e+00
2.034225610824267338e+00
2.030880507287617043e+00
2.026148980796049326e+00
2.018540823706477472e+00
2.016896683665059253e+00
