2.000158356502319101e+00
2.000178083133957507e+00
2.000201620744545661e+00
2.000229709601009542e+00
2.000263234340817320e+00
2.000303252143272648e+00
2.000351026508645713e+00
2.000408067789687383e+00
2.000476181420027366e+00
2.000557525782299617e+00
2.000654681601432561e+00
2.000770734991581090e+00
2.000909376176716936e+00
2.001075019188511384e+00
2.001272943819890404e+00
2.001509465902802098e+00
2.001792141966395100e+00
2.002130013725879287e+00
2.002534302540611932e+00
2.003017150117431200e+00
2.003594459329297361e+00
2.004284780578084568e+00
2.005110318583161799e+00
2.006097653767336286e+00
2.007278603590802568e+00
2.008691252706980901e+00
2.010381182446929316e+00
2.012402386073135041e+00
2.014821220597957208e+00
2.017715170490084642e+00
2.021177514350251503e+00
2.025319677273037744e+00
2.030275055622660751e+00
2.036201362329624676e+00
2.043287384137203677e+00
2.051758328395467235e+00
2.061880274069606944e+00
2.073967802793397208e+00
2.088392507935365572e+00
2.105589662519046001e+00
2.126070748455277215e+00
2.150427389582054261e+00
2.179342791679498959e+00
2.213590735137739962e+00
2.254077088932358031e+00
2.301782577305856226e+00
2.357797359331459397e+00
2.423298302794772319e+00
2.499525760222236048e+00
2.587747887627427801e+00
2.689211051733710445e+00
2.805076248736175337e+00
2.936343535063767440e+00
3.083769281291590225e+00
3.247783821267970605e+00
3.428492771986637599e+00
3.625261440265016066e+00
3.837426523338869355e+00
4.063582469443185907e+00
4.301998990531849643e+00
4.550623151489002538e+00
4.807181743495497983e+00
5.069249230037973675e+00
5.334325696759619539e+00
5.599879305637054827e+00
5.863369895171736346e+00
6.122250860974090436e+00
6.373936711904896413e+00
6.616049108508160970e+00
6.845249210243832927e+00
7.060499703390078707e+00
7.224093527713210783e+00
7.408655264478096747e+00
7.559602305773367448e+00
7.697854829378140806e+00
7.802406932477265578e+00
7.882219512021015007e+00
7.934410467699241742e+00
7.963443421041624504e+00
7.962640713562411321e+00
7.913878601754671394e+00
7.856364541062578866e+00
7.777168810841851965e+00
7.677356021942178366e+00
7.555611080392525380e+00
7.410438210313643026e+00
7.254166362259081957e+00
7.083552843926796960e+00
6.902250209949662541e+00
6.691604997470068206e+00
6.490207938275282196e+00
6.289777820066939640e+00
6.047825963131495897e+00
5.844347789413471439e+00
5.641236224470259408e+00
5.429075246932341337e+00
5.241100546280130779e+00
5.062438024752159649e+00
4.875633806235056156e+00
4.681598919277635495e+00
