2.002191151962568583e+00
2.002521213291282631e+00
2.002914737187292626e+00
2.003383992425662008e+00
2.003943609773656931e+00
2.004611079522669037e+00
2.005407242671787049e+00
2.006357003897488944e+00
2.007490067204612760e+00
2.008841870989011014e+00
2.010454706457931007e+00
2.012379017817125249e+00
2.014674966345904927e+00
2.017414282498023237e+00
2.020682466633446417e+00
2.024581392174820138e+00
2.029232388705497492e+00
2.034779875112420200e+00
2.041395131327760293e+00
2.049283430476185330e+00
2.058686725757675529e+00
2.069892678045107903e+00
2.083242052193351235e+00
2.099137892648216042e+00
2.118056005700811095e+00
2.140557199429295121e+00
2.167299100820554436e+00
2.199053087922428151e+00
2.236718636157963847e+00
2.281340530391100963e+00
2.334125962236621721e+00
2.396461309120136107e+00
2.469927351025873463e+00
2.556311530267403320e+00
2.657615554563544702e+00
2.776056281780546531e+00
2.914058058316498556e+00
3.074234838017310345e+00
3.259361469693365709e+00
3.472334985047405009e+00
3.716129036200038094e+00
3.993747052679773368e+00
4.308182450025949350e+00
4.662395144927772961e+00
5.059317455463950175e+00
5.501888380420894897e+00
5.993128630294419779e+00
6.536244700727925405e+00
7.134752636003618420e+00
7.792606730184739483e+00
8.514319227504996590e+00
9.289803520598221453e+00
1.015250395859793819e+01
1.108055721301058227e+01
1.210930325642247318e+01
1.323370214948637802e+01
1.446255253915007621e+01
1.580552381286359065e+01
1.727320378007700796e+01
1.887717995453679620e+01
2.063012748571506094e+01
2.254592139303039033e+01
2.467220857539086509e+01
2.696860453356623211e+01
2.942918982950516948e+01
3.216302652316770860e+01
3.509442732406058951e+01
3.834688716060138347e+01
4.190018561073725323e+01
4.578209620978606154e+01
5.002295507077607084e+01
5.465583693117794439e+01
5.971708303763163883e+01
6.524623315398191892e+01
7.128657860611144770e+01
7.788548047716096789e+01
8.500132018362333497e+01
9.285224684965250219e+01
1.014254989674525973e+02
1.107873857270903244e+02
1.210103925024184974e+02
1.321738025575639597e+02
1.443644147742113546e+02
1.576772802980925405e+02
1.722163153554336645e+02
1.880959316042379044e+02
2.041497317631800570e+02
2.229407971757712517e+02
2.435130279226416690e+02
2.656987533550399121e+02
2.898731733328805831e+02
3.162106349802620571e+02
3.441281539486097358e+02
3.744511550767014114e+02
4.079899172064341997e+02
4.443893295116929494e+02
4.838960610736575632e+02
5.268053171810595359e+02
5.732076395118177743e+02
6.235981911404726361e+02
