2.002054365377036405e+00
2.002370021460072369e+00
2.002747771866681958e+00
2.003199746225495570e+00
2.003740433736394877e+00
2.004348898510042609e+00
2.005123113946539526e+00
2.006048760144675036e+00
2.007190368999277830e+00
2.008512495637526207e+00
2.010081177485496529e+00
2.011969094461972585e+00
2.014203949604814081e+00
2.016899765924592192e+00
2.020119612649550422e+00
2.023964703812137778e+00
2.028555447701082315e+00
2.034035299432912502e+00
2.040574803933438819e+00
2.048378057636796701e+00
2.057685199077044835e+00
2.068778927639143284e+00
2.082003103134007826e+00
2.097749501083995494e+00
2.116480647572688500e+00
2.138770752240605866e+00
2.165261023338764801e+00
2.196711264957272647e+00
2.234006193184171263e+00
2.278170804702221552e+00
2.330385572178053089e+00
2.392000367587248100e+00
2.464545606484259022e+00
2.549738481029099280e+00
2.649481576796853144e+00
2.765850219937090237e+00
2.901064120073131303e+00
3.057437537402981853e+00
3.237300693980921462e+00
3.442882546300681579e+00
3.676095445247915539e+00
3.938471388762146752e+00
4.230536856305437077e+00
4.551475661317252452e+00
4.898321442886810928e+00
5.264871274296600845e+00
5.640187822616447910e+00
6.006818020567850525e+00
6.339226630670872886e+00
6.603556128162811234e+00
6.761149245053799106e+00
6.776881301239453315e+00
6.632274416926263072e+00
6.336741973651342619e+00
5.929029045007268905e+00
5.465022745427947193e+00
4.998907852132621343e+00
4.568948105492895984e+00
4.193815090741262352e+00
3.876926148415164253e+00
3.613096218390411174e+00
3.394115958740349992e+00
3.211509314495972767e+00
3.060511094248093755e+00
2.931876223265017511e+00
2.822160887962524178e+00
2.728873277838280487e+00
2.647981434643827736e+00
2.577791527710385999e+00
2.516856234620200361e+00
2.462711398826964881e+00
2.416232131698389463e+00
2.374300466391419562e+00
2.337271867429588923e+00
2.304184515860740579e+00
2.274866940221392575e+00
2.250624068247246257e+00
2.226646399550366251e+00
2.206232830295324021e+00
2.186591481224906985e+00
2.166933916159296203e+00
2.145243109670441850e+00
2.132039428394732372e+00
2.120162592514891475e+00
2.109439378306573243e+00
2.099668200055517797e+00
2.090936997346725335e+00
2.083066906626699577e+00
2.075989389889429937e+00
2.069664636127784174e+00
2.064080605755090669e+00
2.059270596184631597e+00
2.055363613671574718e+00
2.052418492780738291e+00
2.050743168060202848e+00
2.050348381327374181e+00
2.051349734177606798e+00
2.053602360129913595e+00
2.056646877730288647e+00
2.059612415863568913e+00
