0.00042533
 0.0024235
0.00480604
0.00486545
0.00717497
0.00922825
 0.0119343
 0.0136041
 0.0164448
 0.0182914
 0.0192855
 0.0251992
 0.0247913
 0.0266668
 0.0313862
 0.0338047
 0.0346895
 0.0367618
 0.0405005
 0.0421137
 0.0450568
 0.0480649
 0.0502279
 0.0526579
 0.0540486
 0.0592746
 0.0642885
  0.065505
 0.0684999
 0.0708256
 0.0756878
 0.0813141
 0.0862348
 0.0866196
 0.0933588
  0.097377
 0.0998678
  0.106111
  0.111626
  0.116471
  0.121465
  0.128215
  0.133781
  0.144706
  0.139928
  0.148048
  0.152513
  0.161159
  0.165313
  0.173723
  0.180986
  0.179107
  0.186743
  0.195443
  0.207432
  0.209606
  0.219958
  0.223822
  0.233122
   0.23907
  0.250108
  0.251432
  0.255676
  0.274746
  0.277432
  0.284272
  0.292931
  0.303583
  0.307559
   0.31829
  0.330739
  0.337541
  0.339669
   0.34761
   0.35808
  0.367706
  0.381712
  0.393664
  0.405538
  0.406886
  0.418693
  0.436722
  0.433052
  0.456482
  0.457247
  0.469635
  0.479549
  0.492985
  0.493703
  0.509032
  0.519404
  0.534776
  0.537147
  0.548069
  0.558229
  0.571835
  0.579518
  0.598008
  0.608836
  0.617273
  0.633431
  0.640917
  0.653086
  0.666302
  0.665736
  0.686299
  0.695728
  0.703592
  0.720814
  0.730029
  0.738339
  0.750843
  0.759583
  0.778012
  0.783867
  0.793047
   0.80997
  0.820259
  0.826829
  0.842339
  0.853771
  0.868172
  0.876561
  0.884809
  0.894155
  0.912581
   0.91529
  0.927584
  0.944669
  0.960666
  0.964506
  0.976576
  0.984445
   1.00353
   1.01156
   1.01701
   1.03477
    1.0422
   1.05646
    1.0701
   1.08118
   1.09399
   1.10465
   1.10839
    1.1332
   1.13299
   1.14831
   1.16511
   1.17278
   1.18278
   1.19696
   1.20616
   1.22336
   1.23248
   1.23631
   1.25634
   1.27039
   1.27681
   1.29057
   1.29139
   1.31245
   1.32181
   1.33541
   1.34619
   1.35447
   1.36796
   1.38452
   1.39711
   1.40051
   1.40789
   1.42569
   1.43641
   1.45066
   1.45812
    1.4676
   1.48151
   1.49388
   1.50035
   1.51374
   1.52595
   1.53694
   1.54986
   1.55729
   1.57532
   1.58599
   1.58494
   1.60168
   1.61825
   1.62958
     1.639
   1.64772
   1.66306
   1.67275
   1.67725
   1.69891
   1.71029
    1.7182
   1.72675
   1.73519
   1.75411
   1.76376