 4.2015e-05
3.38543e-05
1.62053e-05
1.26095e-05
3.14317e-05
2.25209e-05
1.67978e-05
2.28369e-05
2.40046e-05
3.07907e-05
2.63468e-05
2.30693e-05
5.35704e-05
2.65105e-05
5.36964e-05
 1.7186e-05
2.42543e-05
2.63863e-05
4.27431e-05
2.10032e-05
3.51704e-05
 1.6481e-05
2.57584e-05
1.66068e-05
1.74919e-05
3.89616e-05
4.91964e-05
2.12542e-05
6.25533e-05
3.42745e-05
5.05344e-05
4.82679e-05
4.53279e-05
2.26031e-05
2.61153e-05
3.81497e-05
2.68435e-05
4.91652e-05
5.08106e-05
5.18701e-05
2.41754e-05
3.30137e-05
3.83896e-05
4.87158e-05
3.87578e-05
2.47826e-05
3.51976e-05
6.85309e-05
3.08088e-05
7.62649e-05
5.56078e-05
6.34154e-05
9.29697e-05
8.75466e-05
 6.2279e-05
4.74852e-05
4.19359e-05
3.70719e-05
9.37986e-05
3.25598e-05
2.88682e-05
6.66381e-05
 4.2018e-05
 3.7948e-05
4.17513e-05
4.81975e-05
 5.8176e-05
5.11487e-05
5.64137e-05
 9.3571e-05
7.89616e-05
4.12691e-05
2.81821e-05
9.08442e-05
7.04097e-05
6.68845e-05
3.66777e-05
4.04579e-05
9.43785e-05
7.02428e-05
7.97045e-05
5.59177e-05
0.000125483
4.54896e-05
  5.854e-05
5.59265e-05
 4.9905e-05
5.07418e-05
6.39455e-05
 2.7671e-05
5.75655e-05
5.92678e-05
6.43824e-05
0.000100011
0.000111817
5.08892e-05
0.000143253
7.67242e-05
5.78629e-05
5.39124e-05
4.01309e-05
5.24607e-05
5.59374e-05
0.000162933
0.000137994
7.87739e-05
 6.2565e-05
4.77546e-05
 7.6218e-05
  6.736e-05
5.13065e-05
3.85236e-05
4.21301e-05
8.29776e-05
 9.9402e-05
  2.867e-05
7.34249e-05
5.44185e-05
 4.5539e-05
5.08924e-05
5.22055e-05
 0.00012637
4.62426e-05
8.36593e-05
3.51846e-05
7.18036e-05
0.000136575
0.000169832
 3.6696e-05
8.45316e-05
4.46192e-05
4.86922e-05
 4.7585e-05
0.000101765
8.84686e-05
4.56826e-05
 8.6813e-05
 5.3847e-05
5.17779e-05
9.27091e-05
4.19981e-05
5.07373e-05
6.98351e-05
 9.1655e-05
3.44932e-05
4.23229e-05
2.59961e-05
7.41589e-05
7.54173e-05
 7.3298e-05
 4.0436e-05
0.000102633
8.32476e-05
5.13223e-05
8.45302e-05
5.20575e-05
 3.9218e-05
7.44471e-05
7.27352e-05
5.17599e-05
 8.9749e-05
7.74294e-05
5.73259e-05
3.28139e-05
9.52957e-05
7.79277e-05
5.11509e-05
4.36291e-05
5.75718e-05
5.04131e-05
8.90179e-05
5.74788e-05
9.12266e-05
 8.8137e-05
3.92418e-05
4.87698e-05
5.73829e-05
6.73287e-05
5.25043e-05
4.81386e-05
0.000103016
5.51408e-05
7.01594e-05
6.39434e-05
4.39313e-05
6.10734e-05
5.36712e-05
6.84821e-05
5.06504e-05
4.73432e-05
0.000105291
6.61199e-05
7.05807e-05
7.27792e-05
5.44154e-05
 0.00012722
8.18222e-05
4.63855e-05
9.61848e-05
0.000113048
3.27743e-05